0
1
1
1
1
0
6
6
6
6
0
11
11
11
11
0
16
16
16
16
0
21
21
21
21
0
26
26
26
26
0
31
31
31
31
0
36
36
36
36
0
41
41
41
41
0
46
46
46
46
0
51
51
51
51
0
56
56
56
56
0
61
61
61
61
0
66
66
66
66
0
71
71
71
71
0
76
76
76
76
0
81
81
81
81
0
86
86
86
86
0
91
91
91
91
0
96
96
96
96
0
101
101
101
101
0
106
106
106
106
0
111
111
111
111
0
116
116
116
116
0
121
121
121
121
0
126
126
126
126
0
131
131
131
131
0
136
136
136
136
0
141
141
141
141
0
146
146
146
146
0
151
151
151
151
0
156
156
156
156
0
161
161
161
161
0
166
166
166
166
0
171
171
171
171
0
176
176
176
176
0
181
181
181
181
0
186
186
186
186
0
191
191
191
191
0
196
196
196
196
0
201
201
201
201
0
206
206
206
206
0
211
211
211
211
0
216
216
216
216
0
221
221
221
221
0
226
226
226
226
0
231
231
231
231
0
236
236
236
236
0
241
241
241
241
0
246
246
246
246
