0.05829 -0.11041 0.32571 153.0 139.0 126.0
0.0432 -0.2963 0.91844 68.0 67.0 73.0
0.07988 -0.31108 0.95358 54.0 52.0 65.0
0.03935 -0.28473 0.88726 96.0 90.0 102.0
0.04191 -0.29814 0.92529 88.0 77.0 83.0
0.11056 -0.28613 0.84535 36.0 31.0 27.0
0.14701 -0.17833 0.53328 153.0 130.0 116.0
0.1153 -0.26036 0.78127 27.0 28.0 33.0
0.1661 -0.20414 0.60671 114.0 103.0 97.0
0.10906 -0.22654 0.68745 9.0 16.0 22.0
0.0714 -0.29299 0.90406 63.0 62.0 70.0
0.04036 -0.29675 0.9194 156.0 147.0 148.0
0.045 -0.30727 0.94639 130.0 126.0 117.0
