8.862807630358596200e-02 -8.583694240816393262e-02 6.714586357691619822e-01 4.500000000000000000e+01 3.200000000000000000e+01 2.400000000000000000e+01
-3.290931593060550386e-02 1.247236521916793017e-01 6.984823515430179652e-01 2.150000000000000000e+02 2.010000000000000000e+02 2.000000000000000000e+02
-2.958355151935194993e-02 1.200041995293684438e-01 6.983192340579863489e-01 2.180000000000000000e+02 2.130000000000000000e+02 2.090000000000000000e+02
-1.116953252475032243e-01 -5.257472260049917551e-02 5.717337385952654394e-01 6.100000000000000000e+01 4.700000000000000000e+01 4.700000000000000000e+01
8.975699682999070672e-02 5.146881684511257771e-02 7.483103591222247664e-01 1.970000000000000000e+02 1.800000000000000000e+02 1.700000000000000000e+02
-5.112015859890832459e-02 8.509927871774392028e-02 6.676027387926345424e-01 2.110000000000000000e+02 1.990000000000000000e+02 1.870000000000000000e+02
-5.652904254270939982e-02 -5.441144005274437673e-02 5.950793416818773718e-01 8.000000000000000000e+01 7.400000000000000000e+01 7.600000000000000000e+01
-5.428723904064622352e-02 1.224942551732197543e-01 6.851094820255273499e-01 2.350000000000000000e+02 2.220000000000000000e+02 2.140000000000000000e+02
-2.356078388292497106e-02 -1.032117050133527641e-01 5.804290517140158201e-01 8.500000000000000000e+01 7.600000000000000000e+01 7.100000000000000000e+01
-8.979304090249072556e-02 -4.786264311221254814e-02 5.823227963760627679e-01 6.400000000000000000e+01 6.300000000000000000e+01 6.900000000000000000e+01
1.186420215991182830e-01 -1.250441302443590086e-01 6.695834293642918267e-01 7.300000000000000000e+01 6.100000000000000000e+01 4.700000000000000000e+01
-1.045080845728716366e-02 -1.434331747904280252e-01 5.682222062323140088e-01 1.470000000000000000e+02 1.310000000000000000e+02 1.320000000000000000e+02
-5.453922460126248845e-02 4.313288259820957649e-02 6.474438087619427407e-01 6.700000000000000000e+01 5.700000000000000000e+01 5.800000000000000000e+01
-1.493211986265628342e-03 2.168059962225442894e-01 7.686001897990122345e-01 2.260000000000000000e+02 2.150000000000000000e+02 2.090000000000000000e+02
-6.722779744387447076e-02 1.935187125663383467e-01 7.122881583321524213e-01 2.350000000000000000e+02 2.260000000000000000e+02 2.190000000000000000e+02
-2.416431498068234793e-03 2.145939721971183989e-01 7.686955561098519629e-01 2.230000000000000000e+02 2.140000000000000000e+02 2.070000000000000000e+02
-2.363924914043961586e-02 -1.196318929655199453e-01 5.713997392023030253e-01 1.430000000000000000e+02 1.340000000000000000e+02 1.270000000000000000e+02
2.504905259532149708e-01 -2.624980223858075588e-03 8.522100545312314424e-01 1.890000000000000000e+02 1.800000000000000000e+02 1.730000000000000000e+02
-5.275095711655863884e-02 4.771458961604198301e-02 6.495888708794688160e-01 6.100000000000000000e+01 5.400000000000000000e+01 6.100000000000000000e+01
-3.877654243358950870e-02 3.346866615072760509e-02 6.398449965474052314e-01 6.500000000000000000e+01 4.800000000000000000e+01 4.000000000000000000e+01
8.175487903975181547e-02 2.362591748986225468e-02 7.233557115062299037e-01 6.600000000000000000e+01 5.000000000000000000e+01 5.000000000000000000e+01
8.146881016416299137e-02 2.375998727124529683e-02 7.233574676836923567e-01 6.600000000000000000e+01 5.000000000000000000e+01 5.000000000000000000e+01
-5.190922971363662319e-02 4.850151654362458431e-02 6.494592666307353879e-01 7.600000000000000000e+01 6.600000000000000000e+01 7.500000000000000000e+01
1.280478661888345172e-02 -2.605225005003570793e-01 5.398654545460553900e-01 2.100000000000000000e+01 1.800000000000000000e+01 2.500000000000000000e+01
-2.389232793113151704e-02 1.683756971081199760e-01 7.279852777786066653e-01 1.050000000000000000e+02 8.200000000000000000e+01 6.600000000000000000e+01
-4.634008245922591890e-02 5.935910942888024400e-02 6.581112971131048983e-01 7.900000000000000000e+01 7.000000000000000000e+01 7.500000000000000000e+01
9.417805426552952608e-02 4.432032775617143761e-02 7.477171953087119460e-01 1.900000000000000000e+02 1.800000000000000000e+02 1.710000000000000000e+02
-7.125845922856650916e-02 7.210126192807263246e-02 6.510253441726205903e-01 2.000000000000000000e+02 1.770000000000000000e+02 1.610000000000000000e+02
-6.006969010318002899e-02 1.106453276992199197e-01 6.745565094034119413e-01 9.000000000000000000e+01 6.300000000000000000e+01 5.200000000000000000e+01
-6.527359954178892087e-02 4.715074631755956230e-02 6.425960298548697436e-01 2.340000000000000000e+02 2.250000000000000000e+02 2.160000000000000000e+02
-7.192248461996585129e-02 -1.094387759868578336e-01 5.501036513637836967e-01 2.250000000000000000e+02 2.160000000000000000e+02 2.070000000000000000e+02
-6.249771439615515317e-02 4.817365621632133110e-02 6.426954578706988164e-01 2.040000000000000000e+02 1.890000000000000000e+02 1.860000000000000000e+02
-5.766309998566010453e-02 1.133232423200171840e-01 6.777557660299809994e-01 8.000000000000000000e+01 5.100000000000000000e+01 4.500000000000000000e+01
1.977959410512604085e-02 -2.462706076023227775e-01 5.502388300545296707e-01 3.200000000000000000e+01 2.400000000000000000e+01 3.500000000000000000e+01
2.698390834418930018e-01 2.681319008945751703e-01 1.014103472607630563e+00 1.670000000000000000e+02 1.580000000000000000e+02 1.510000000000000000e+02
-7.653977708199778685e-02 1.274414153524757454e-01 6.757178598613207132e-01 2.080000000000000000e+02 1.890000000000000000e+02 1.720000000000000000e+02
-2.157155039557850928e-02 1.683819009652182119e-01 7.284100040978066515e-01 1.140000000000000000e+02 9.100000000000000000e+01 7.700000000000000000e+01
-7.619459632083869227e-02 1.276039325811511305e-01 6.757344015554439531e-01 2.080000000000000000e+02 1.890000000000000000e+02 1.720000000000000000e+02
7.657943601405871326e-02 -4.514707664268349796e-02 6.848278398339875395e-01 7.700000000000000000e+01 7.600000000000000000e+01 9.400000000000000000e+01
-6.362396639288560307e-02 4.748154350759006131e-02 6.428145116037866647e-01 2.250000000000000000e+02 2.090000000000000000e+02 2.090000000000000000e+02
-6.273895783649806324e-02 4.730540167971118704e-02 6.428593505514371698e-01 2.210000000000000000e+02 2.120000000000000000e+02 2.070000000000000000e+02
2.792969803828717623e-01 2.624642378828633271e-01 1.018115306461909730e+00 8.800000000000000000e+01 8.000000000000000000e+01 7.700000000000000000e+01
7.614713037089461400e-02 -4.496819948235999259e-02 6.848753510005297640e-01 6.500000000000000000e+01 6.400000000000000000e+01 8.200000000000000000e+01
-2.730540252989891239e-02 -1.011799788562878916e-01 5.791479587932243378e-01 1.200000000000000000e+02 1.020000000000000000e+02 9.000000000000000000e+01
1.244598238513842103e-01 -1.264914159375176150e-01 6.747781486750251689e-01 6.900000000000000000e+01 5.500000000000000000e+01 5.200000000000000000e+01
-6.602451296517877766e-02 5.216316571491388249e-02 6.411311643680771555e-01 1.980000000000000000e+02 1.790000000000000000e+02 1.720000000000000000e+02
1.043447702273849892e-01 1.065797284457914440e-01 7.872785771918769937e-01 1.460000000000000000e+02 1.370000000000000000e+02 1.320000000000000000e+02
-7.383225048170546922e-02 -4.528408176772151517e-02 5.918138382975368650e-01 1.510000000000000000e+02 1.360000000000000000e+02 1.310000000000000000e+02
-6.351673981400522695e-02 1.107799496526044453e-01 6.736066046934003904e-01 9.800000000000000000e+01 7.300000000000000000e+01 5.300000000000000000e+01
-3.730354920333976004e-02 1.069822697169805770e-01 6.867107599288153619e-01 7.200000000000000000e+01 5.200000000000000000e+01 4.300000000000000000e+01
-9.453533660008998918e-02 1.729173073858952803e-01 6.890853554200119246e-01 1.190000000000000000e+02 1.010000000000000000e+02 9.100000000000000000e+01
-7.318340969203222801e-02 -1.024515571490273863e-01 5.536809779246451013e-01 1.290000000000000000e+02 1.140000000000000000e+02 1.070000000000000000e+02
-9.370365946734343643e-02 1.746581527712288973e-01 6.888471405816509741e-01 1.290000000000000000e+02 1.050000000000000000e+02 9.500000000000000000e+01
1.234061526048215070e-02 -2.458555015271589039e-01 5.462404855052523933e-01 4.700000000000000000e+01 3.700000000000000000e+01 3.500000000000000000e+01
1.109096321625655662e-01 -3.862709367026174317e-02 7.157176906087284740e-01 2.060000000000000000e+02 2.020000000000000000e+02 1.930000000000000000e+02
1.278293542832707186e-01 -5.043430778777637652e-02 7.214269857623825111e-01 6.400000000000000000e+01 6.200000000000000000e+01 7.600000000000000000e+01
-9.442869982499653425e-02 1.730291150841305470e-01 6.890830463628558888e-01 1.330000000000000000e+02 1.160000000000000000e+02 1.060000000000000000e+02
-5.229294394980806004e-02 1.352052268894292641e-01 6.902908687399449406e-01 1.050000000000000000e+02 8.700000000000000000e+01 7.500000000000000000e+01
3.259185677724431296e-02 -2.277891996195520741e-01 5.687410471135888601e-01 1.870000000000000000e+02 1.690000000000000000e+02 1.570000000000000000e+02
-1.547240537994183096e-01 1.452883007332501919e-01 6.455095314478841440e-01 1.730000000000000000e+02 1.600000000000000000e+02 1.410000000000000000e+02
-2.829754803440262187e-02 1.905803805771381920e-01 7.381766391450202969e-01 5.600000000000000000e+01 4.600000000000000000e+01 5.400000000000000000e+01
1.261867681698402022e-01 -2.335095259960755232e-01 6.399264508615366553e-01 1.790000000000000000e+02 1.660000000000000000e+02 1.580000000000000000e+02
-2.296520475669264552e-02 -1.385494075660459734e-01 5.626151781184343115e-01 1.350000000000000000e+02 1.140000000000000000e+02 1.210000000000000000e+02
-4.556602169694794896e-02 -9.297577300938861256e-02 5.742917083602032680e-01 9.700000000000000000e+01 7.800000000000000000e+01 7.200000000000000000e+01
-2.814976641488548675e-02 1.888604273105459752e-01 7.378103035688879929e-01 5.700000000000000000e+01 4.700000000000000000e+01 5.500000000000000000e+01
1.429220092979720802e-01 -4.061071165003381916e-02 7.386993782925018737e-01 2.020000000000000000e+02 1.950000000000000000e+02 1.890000000000000000e+02
1.013567736018185089e-01 -1.274773148376048826e-01 6.536618674439393928e-01 1.950000000000000000e+02 1.760000000000000000e+02 1.610000000000000000e+02
-6.317934520434886903e-02 1.443526877361354377e-01 6.925667034796032517e-01 1.220000000000000000e+02 9.300000000000000000e+01 7.500000000000000000e+01
8.002995909416116271e-02 -3.460530471702990413e-02 6.938672988451399792e-01 2.070000000000000000e+02 1.980000000000000000e+02 1.930000000000000000e+02
-3.786944162128527691e-02 8.766762799738714307e-02 6.760002761146650663e-01 2.140000000000000000e+02 2.010000000000000000e+02 1.930000000000000000e+02
-9.203180151353172744e-02 1.135844404782354183e-01 6.585774811026821052e-01 1.270000000000000000e+02 1.130000000000000000e+02 1.100000000000000000e+02
5.038418139400101942e-02 -1.208463547285145850e-01 6.188626640902287201e-01 1.540000000000000000e+02 1.450000000000000000e+02 1.500000000000000000e+02
-2.737110428170209941e-02 -1.014855904033460376e-01 5.791736162959488787e-01 1.200000000000000000e+02 1.020000000000000000e+02 9.000000000000000000e+01
1.013719356098301549e-01 3.764001005110554493e-02 7.483061810644895395e-01 1.100000000000000000e+02 9.200000000000000000e+01 8.800000000000000000e+01
-1.454072941533040772e-02 2.029772233207702281e-01 7.531354787991954014e-01 7.500000000000000000e+01 6.700000000000000000e+01 7.800000000000000000e+01
3.000657611563790628e-01 -1.240852717551709644e-01 8.606851413831921871e-01 5.500000000000000000e+01 5.900000000000000000e+01 6.200000000000000000e+01
9.717780664339301100e-02 7.668758996911663461e-02 7.663623711721383458e-01 1.980000000000000000e+02 1.860000000000000000e+02 1.720000000000000000e+02
4.969866169529955219e-02 -1.209438030903829675e-01 6.190069525158800046e-01 2.270000000000000000e+02 2.170000000000000000e+02 2.250000000000000000e+02
9.832578535087962979e-02 7.209983068152452101e-02 7.648344240716353770e-01 1.750000000000000000e+02 1.630000000000000000e+02 1.490000000000000000e+02
1.130200089373640943e-01 -1.176986782059324249e-01 6.690574174457304402e-01 1.330000000000000000e+02 1.330000000000000000e+02 1.310000000000000000e+02
-2.825928558875813804e-02 -1.279678058136836383e-01 5.645889518055476897e-01 1.580000000000000000e+02 1.450000000000000000e+02 1.290000000000000000e+02
3.380876680351831420e-01 -7.438970089902251226e-02 9.203485015749303111e-01 3.500000000000000000e+01 3.100000000000000000e+01 4.600000000000000000e+01
-3.111522321869205146e-02 -1.369056941074729139e-01 5.584229210780139452e-01 2.260000000000000000e+02 2.170000000000000000e+02 2.080000000000000000e+02
-7.869809979592501392e-02 -5.795809890321955427e-02 5.801659575396759250e-01 4.800000000000000000e+01 4.600000000000000000e+01 5.900000000000000000e+01
-5.693414626339207696e-02 -2.231755343538190939e-01 5.304032854039599787e-01 4.300000000000000000e+01 8.000000000000000000e+01 1.500000000000000000e+02
2.557034904842711565e-02 -1.500166098308834128e-01 5.890439297570292387e-01 1.980000000000000000e+02 1.900000000000000000e+02 1.790000000000000000e+02
9.341427903322625792e-02 6.949072020591794130e-02 7.600417885087245029e-01 2.200000000000000000e+02 2.100000000000000000e+02 2.000000000000000000e+02
-3.975114042680110565e-02 1.305816720437444622e-01 6.964005323920506862e-01 1.870000000000000000e+02 1.700000000000000000e+02 1.600000000000000000e+02
6.585950273981974745e-02 -3.090692812569635975e-02 6.822411020656951042e-01 1.910000000000000000e+02 1.770000000000000000e+02 1.660000000000000000e+02
-8.216380783914488395e-02 7.996204841522033813e-02 6.485249394391194855e-01 2.190000000000000000e+02 2.110000000000000000e+02 2.000000000000000000e+02
-5.485941326871090346e-02 -1.018412260417754789e-01 5.642847604273780737e-01 1.770000000000000000e+02 1.650000000000000000e+02 1.690000000000000000e+02
9.987551356292673210e-02 2.093749791916937539e-02 7.377244254946658808e-01 1.580000000000000000e+02 1.500000000000000000e+02 1.310000000000000000e+02
-3.438154617201296115e-01 1.642289040575070636e-01 5.016283112499440033e-01 1.620000000000000000e+02 1.890000000000000000e+02 2.100000000000000000e+02
-8.994942759199701932e-02 1.076119549463976366e-01 6.581003333291779445e-01 1.560000000000000000e+02 1.380000000000000000e+02 1.340000000000000000e+02
1.547735078227881547e-02 2.470304978667123008e-01 7.959310612766196114e-01 2.080000000000000000e+02 1.940000000000000000e+02 1.830000000000000000e+02
1.655081569496136829e-01 -7.495051581418081532e-02 7.402384380052471347e-01 6.300000000000000000e+01 4.800000000000000000e+01 4.500000000000000000e+01
-1.164240833548651333e-04 1.237976980988540754e-01 7.180406470557764154e-01 5.500000000000000000e+01 5.500000000000000000e+01 6.500000000000000000e+01
1.609349881797778742e-02 3.078727135813250082e-02 6.666583589947613353e-01 1.240000000000000000e+02 1.080000000000000000e+02 9.500000000000000000e+01
-6.675669874170993279e-02 1.700000017415758957e-01 7.037863637564363284e-01 1.950000000000000000e+02 1.720000000000000000e+02 1.560000000000000000e+02
1.159105492972404700e-01 9.738802915281827288e-02 7.921385077645896056e-01 1.700000000000000000e+02 1.600000000000000000e+02 1.580000000000000000e+02
9.838899018153449139e-03 -2.707444479299118689e-01 5.269911587100404304e-01 3.600000000000000000e+01 7.500000000000000000e+01 1.340000000000000000e+02
1.447129477938617348e-01 8.165824220719002102e-02 8.080600799924034794e-01 1.260000000000000000e+02 1.160000000000000000e+02 1.150000000000000000e+02
6.288820528465988158e-02 -1.090740362342901143e-01 6.337403355943063143e-01 1.040000000000000000e+02 9.100000000000000000e+01 7.500000000000000000e+01
5.192306056291046135e-02 1.765810337172476346e-02 6.905973076204013905e-01 9.000000000000000000e+01 7.100000000000000000e+01 6.500000000000000000e+01
6.429020110764056828e-02 -1.083992731817237931e-01 6.335312157881766160e-01 7.500000000000000000e+01 5.800000000000000000e+01 4.200000000000000000e+01
-8.909700575120141353e-02 1.536345887888695416e-01 6.811242612939848451e-01 1.480000000000000000e+02 1.290000000000000000e+02 1.220000000000000000e+02
-7.874854157998635584e-02 1.580808431328846464e-01 6.898584502696745169e-01 1.190000000000000000e+02 9.700000000000000000e+01 8.400000000000000000e+01
-7.916149660154478407e-02 -5.822718050078527774e-02 5.802952155164642356e-01 4.800000000000000000e+01 4.600000000000000000e+01 5.900000000000000000e+01
6.526530387642898168e-02 -1.079522013399981106e-01 6.333835842256414494e-01 1.150000000000000000e+02 9.700000000000000000e+01 9.500000000000000000e+01
-3.968952006739857180e-02 -1.315036812117833520e-01 5.553071807241251046e-01 1.500000000000000000e+02 1.400000000000000000e+02 1.300000000000000000e+02
7.147106384678465762e-02 -5.436383847792762569e-02 4.731112066335526611e-01 5.600000000000000000e+01 5.700000000000000000e+01 6.200000000000000000e+01
1.128746359907345370e-01 5.213535163491016255e-02 7.656240921890453688e-01 1.020000000000000000e+02 8.500000000000000000e+01 7.700000000000000000e+01
3.166458638059797825e-02 -1.091413436412642241e-01 6.129288395157577174e-01 1.910000000000000000e+02 1.830000000000000000e+02 1.800000000000000000e+02
1.416022068581935245e-01 -5.416322433128438474e-02 7.313862307283008901e-01 7.400000000000000000e+01 6.900000000000000000e+01 7.600000000000000000e+01
6.886914530742489771e-02 5.676711978783248458e-02 7.347286967676194269e-01 5.800000000000000000e+01 5.600000000000000000e+01 6.100000000000000000e+01
-3.217531866681643676e-02 -1.393009281679211953e-01 5.556791814340074076e-01 2.240000000000000000e+02 2.170000000000000000e+02 2.110000000000000000e+02
8.718362811847917351e-03 -2.705985644876930385e-01 5.275772011966354258e-01 5.700000000000000000e+01 9.600000000000000000e+01 1.510000000000000000e+02
1.069112476689101227e-01 1.309315760569170628e-05 7.286707627329479520e-01 1.790000000000000000e+02 1.740000000000000000e+02 1.710000000000000000e+02
-3.978169781582482217e-02 1.032663886026353867e-01 6.831941370613158204e-01 7.600000000000000000e+01 5.900000000000000000e+01 5.200000000000000000e+01
-3.852355272589191859e-02 -1.309390448958135944e-01 5.549218604658285869e-01 2.070000000000000000e+02 1.990000000000000000e+02 1.880000000000000000e+02
-2.784577316873312197e-02 -1.129815584992665684e-01 5.719508889340912949e-01 2.480000000000000000e+02 2.370000000000000000e+02 2.350000000000000000e+02
-7.262316049082441884e-04 3.112430498663393622e-02 6.559205082274111032e-01 1.770000000000000000e+02 1.710000000000000000e+02 1.590000000000000000e+02
1.417971869662842388e-01 -5.876785285458661218e-02 7.288399027037675282e-01 4.800000000000000000e+01 4.400000000000000000e+01 5.800000000000000000e+01
-2.314132583668772336e-02 1.020286324141785744e-01 6.928751393789036594e-01 1.100000000000000000e+02 9.200000000000000000e+01 8.000000000000000000e+01
1.019447887971601241e-01 -1.080895462448347583e-01 6.649439088967226130e-01 7.800000000000000000e+01 5.000000000000000000e+01 3.800000000000000000e+01
-1.727837955185580060e-02 -1.457460315033008158e-01 5.601776796358298727e-01 2.260000000000000000e+02 2.160000000000000000e+02 2.140000000000000000e+02
-3.697441791472492328e-02 -1.586444411559017331e-01 5.450133783099652129e-01 1.980000000000000000e+02 1.770000000000000000e+02 1.720000000000000000e+02
4.572893347067727432e-02 -1.606867330270383420e-01 5.977964730093182633e-01 2.330000000000000000e+02 2.260000000000000000e+02 2.160000000000000000e+02
6.022467748762247441e-02 -5.164622275135814788e-02 6.690291309630316263e-01 7.000000000000000000e+01 6.300000000000000000e+01 7.000000000000000000e+01
1.238570840055646799e-01 -2.448461721907655916e-02 7.323565364179982495e-01 1.280000000000000000e+02 1.090000000000000000e+02 1.050000000000000000e+02
8.592812706398339495e-02 -3.187100105621643031e-02 6.984728145560432644e-01 1.950000000000000000e+02 1.860000000000000000e+02 1.710000000000000000e+02
6.898991841175858286e-02 5.667531947586824936e-02 7.347350624594229940e-01 5.800000000000000000e+01 5.600000000000000000e+01 6.100000000000000000e+01
1.026118711840841025e-01 -1.090907896349968820e-01 6.661416473600024757e-01 8.200000000000000000e+01 5.400000000000000000e+01 4.200000000000000000e+01
-1.025616420941147244e-01 1.736395961450452885e-01 6.832755011199822537e-01 1.610000000000000000e+02 1.490000000000000000e+02 1.370000000000000000e+02
-6.842680705814732645e-02 -4.466611151458343976e-02 5.937538182454632496e-01 1.100000000000000000e+02 9.700000000000000000e+01 9.100000000000000000e+01
-6.202719622421962176e-02 1.616287479962059959e-01 7.016829435661927628e-01 1.040000000000000000e+02 8.000000000000000000e+01 6.800000000000000000e+01
5.577137909014159151e-02 -1.181243990441760705e-01 6.230040462701630366e-01 2.000000000000000000e+02 1.860000000000000000e+02 1.850000000000000000e+02
1.694230780563397987e-01 -9.885525395439996588e-02 7.303990015827942495e-01 9.500000000000000000e+01 8.800000000000000000e+01 7.800000000000000000e+01
-8.712386100836552738e-02 -7.689957827307809801e-02 5.651399350132630950e-01 5.700000000000000000e+01 5.600000000000000000e+01 5.200000000000000000e+01
-6.824130326336756702e-02 -4.450489572355010442e-02 5.937003902386267518e-01 1.100000000000000000e+02 9.700000000000000000e+01 9.100000000000000000e+01
1.379541629523706736e-01 -1.069822786348994803e-01 6.967238053321274105e-01 9.400000000000000000e+01 7.600000000000000000e+01 6.200000000000000000e+01
1.032747393176597778e-01 -1.826097346748068451e-01 6.354565198119376257e-01 2.010000000000000000e+02 1.850000000000000000e+02 1.860000000000000000e+02
-6.349577233223249739e-02 9.659892121948718269e-02 6.659898314398934316e-01 2.090000000000000000e+02 1.930000000000000000e+02 1.800000000000000000e+02
-5.973286596064310977e-02 -7.350375534091195540e-02 5.827225872618592151e-01 8.900000000000000000e+01 8.300000000000000000e+01 8.300000000000000000e+01
2.902449597985062302e-01 2.789508096537229309e-01 1.036337522933977295e+00 1.190000000000000000e+02 1.120000000000000000e+02 1.060000000000000000e+02
6.529660352728128281e-02 -9.992321036612131224e-02 6.428531275731935724e-01 1.020000000000000000e+02 7.600000000000000000e+01 6.300000000000000000e+01
-2.900140956456394303e-02 -2.202092775584077455e-01 5.336129164714907835e-01 2.230000000000000000e+02 2.140000000000000000e+02 2.050000000000000000e+02
-1.274577521448248124e-02 1.129625454245207217e-01 7.064633708422292102e-01 2.900000000000000000e+01 2.300000000000000000e+01 2.700000000000000000e+01
1.031790418576497420e-01 -1.112741757623737088e-01 6.644987759428203633e-01 7.000000000000000000e+01 5.200000000000000000e+01 4.000000000000000000e+01
5.723990882990329272e-03 -2.688174223948408548e-01 5.286525854662650348e-01 3.700000000000000000e+01 7.600000000000000000e+01 1.410000000000000000e+02
-6.047997854305661031e-02 2.079825475860030415e-01 7.249436254569597837e-01 1.490000000000000000e+02 1.250000000000000000e+02 1.210000000000000000e+02
1.201174711459934569e-01 -1.122916476576836659e-01 6.777873060411296890e-01 6.500000000000000000e+01 6.100000000000000000e+01 4.900000000000000000e+01
1.759881118007576573e-01 2.272419649357181048e-02 7.997027917708064981e-01 1.010000000000000000e+02 8.800000000000000000e+01 8.000000000000000000e+01
1.890886915978281374e-02 -2.285293700313848486e-01 5.545270419240332371e-01 2.240000000000000000e+02 2.140000000000000000e+02 2.050000000000000000e+02
4.640110938766212056e-02 -1.826603831645136344e-01 6.473844412868101639e-01 1.980000000000000000e+02 1.910000000000000000e+02 1.830000000000000000e+02
-8.972912450224672376e-02 1.187243489740150426e-01 6.639526937344173430e-01 1.090000000000000000e+02 9.100000000000000000e+01 8.700000000000000000e+01
1.709114098034782980e-01 -9.496061454450842321e-02 7.329143195811707034e-01 1.130000000000000000e+02 1.080000000000000000e+02 1.040000000000000000e+02
6.032528389667426993e-02 -1.368558598990746722e-01 6.178740184477833353e-01 2.150000000000000000e+02 2.070000000000000000e+02 1.940000000000000000e+02
-1.187786917149764865e-02 -1.192664123981649615e-01 5.803723199668152644e-01 2.210000000000000000e+02 2.130000000000000000e+02 2.110000000000000000e+02
1.780837242288528521e-01 3.099786888431041096e-02 8.066724011156125584e-01 8.500000000000000000e+01 7.200000000000000000e+01 6.600000000000000000e+01
9.897213557503312109e-02 -2.646262032196779884e-02 7.111935799356746690e-01 1.420000000000000000e+02 1.270000000000000000e+02 1.240000000000000000e+02
7.493463408960911176e-02 -1.354809946098100015e-01 6.286286305323661727e-01 2.220000000000000000e+02 2.110000000000000000e+02 2.050000000000000000e+02
-2.702500468919611515e-02 -9.921635643709815489e-02 5.803164115900883990e-01 9.400000000000000000e+01 8.100000000000000000e+01 7.300000000000000000e+01
-6.532382595209992870e-02 1.144844762103370966e-01 6.750026457389217693e-01 1.130000000000000000e+02 8.300000000000000000e+01 5.700000000000000000e+01
-2.450346489303312919e-02 2.120544168689611764e-01 7.508287730856867404e-01 1.790000000000000000e+02 1.650000000000000000e+02 1.620000000000000000e+02
-2.930528617167479227e-02 -1.096159695351631713e-01 5.730368553085088967e-01 2.330000000000000000e+02 2.260000000000000000e+02 2.200000000000000000e+02
9.244077186162787119e-02 -7.857161931430314827e-02 6.787687130034123495e-01 7.900000000000000000e+01 7.700000000000000000e+01 8.000000000000000000e+01
9.548872099372852917e-02 -1.182979927560721400e-01 6.541108556726770162e-01 1.430000000000000000e+02 1.300000000000000000e+02 1.220000000000000000e+02
3.816573632704937935e-02 -1.517951691985785778e-01 5.960507845955608230e-01 1.940000000000000000e+02 1.740000000000000000e+02 1.630000000000000000e+02
-3.652138194982965103e-02 -1.259203731968896733e-01 5.606408472496435813e-01 2.230000000000000000e+02 2.100000000000000000e+02 2.040000000000000000e+02
-6.399834797926398644e-02 -7.927073830404927912e-02 5.766394105105144829e-01 4.900000000000000000e+01 4.400000000000000000e+01 4.000000000000000000e+01
1.793425968786370754e-03 -2.649265143515008858e-01 5.270178455287878316e-01 3.200000000000000000e+01 7.800000000000000000e+01 1.400000000000000000e+02
1.125200080208500764e-01 6.804452716455343386e-02 7.740959117243537690e-01 1.500000000000000000e+02 1.350000000000000000e+02 1.280000000000000000e+02
-7.346492808582630318e-02 1.026668165092182727e-01 6.646423829517977833e-01 1.450000000000000000e+02 1.250000000000000000e+02 1.160000000000000000e+02
-2.531030443196763749e-02 -8.562050257987871560e-02 5.937870764376169674e-01 2.200000000000000000e+02 2.090000000000000000e+02 2.030000000000000000e+02
1.367033745594356808e-01 -1.069808727839237777e-01 6.968700187186467332e-01 8.800000000000000000e+01 7.200000000000000000e+01 5.700000000000000000e+01
1.267698275257723439e-01 1.076411038529108966e-01 8.071511607349020068e-01 1.160000000000000000e+02 1.070000000000000000e+02 1.080000000000000000e+02
-9.951098602047719899e-02 -1.425172144696175980e-01 5.412929632459794194e-01 1.880000000000000000e+02 1.770000000000000000e+02 1.730000000000000000e+02
-6.313308624022906379e-02 -1.024184987852783252e-01 5.585464480647734931e-01 1.200000000000000000e+02 1.060000000000000000e+02 9.300000000000000000e+01
6.473385118232014013e-02 -1.453189773253899530e-01 6.186201001084637996e-01 1.070000000000000000e+02 9.000000000000000000e+01 7.400000000000000000e+01
8.883531280890094584e-02 -1.301518783074868957e-01 6.420535539376404088e-01 1.720000000000000000e+02 1.540000000000000000e+02 1.440000000000000000e+02
-6.167504159137720404e-02 9.739041270108741988e-02 6.659973542383803569e-01 2.080000000000000000e+02 1.920000000000000000e+02 1.790000000000000000e+02
-7.535602536776486726e-02 -6.630305740156569594e-02 5.778946975089184201e-01 9.500000000000000000e+01 8.600000000000000000e+01 7.700000000000000000e+01
6.838900598081625037e-02 -7.389045838754240703e-02 6.635826241503501866e-01 9.400000000000000000e+01 8.300000000000000000e+01 7.900000000000000000e+01
8.983937598206924446e-02 1.068321372009431586e-01 7.769007952415842855e-01 6.500000000000000000e+01 5.500000000000000000e+01 5.600000000000000000e+01
-2.234103511540305731e-02 -9.928998973933371441e-02 5.845979826890159714e-01 7.000000000000000000e+01 5.600000000000000000e+01 4.700000000000000000e+01
1.176496156339347926e-01 -2.432034216189541201e-02 7.267848435439759891e-01 1.440000000000000000e+02 1.330000000000000000e+02 1.270000000000000000e+02
1.709492383184942760e-02 2.660020443261725855e-03 6.512124638628886686e-01 2.160000000000000000e+02 2.040000000000000000e+02 1.900000000000000000e+02
-4.298529310456365021e-02 6.887942686607917420e-02 6.663815475739838234e-01 6.400000000000000000e+01 5.500000000000000000e+01 5.800000000000000000e+01
-4.624724464688211717e-02 1.915451931974851696e-01 7.267976993094736882e-01 2.260000000000000000e+02 2.090000000000000000e+02 2.010000000000000000e+02
-5.120010936389192413e-02 9.683500843692299798e-02 6.724478563849909385e-01 1.380000000000000000e+02 1.170000000000000000e+02 1.140000000000000000e+02
-5.458752279034927157e-02 1.169742286148593852e-01 6.817583688364412531e-01 2.500000000000000000e+01 1.900000000000000000e+01 2.300000000000000000e+01
4.564793541342776484e-02 -1.338884630029787692e-01 6.080590497890245860e-01 1.970000000000000000e+02 1.870000000000000000e+02 1.860000000000000000e+02
4.512802286931079376e-02 -1.432618958864320113e-01 6.023178861700846376e-01 1.650000000000000000e+02 1.420000000000000000e+02 1.280000000000000000e+02
-5.408467163021399293e-02 1.840932636923018340e-01 7.183235753916931143e-01 2.130000000000000000e+02 1.950000000000000000e+02 1.910000000000000000e+02
-2.762432404061257452e-02 1.439062129679916924e-01 7.116226284312265893e-01 1.030000000000000000e+02 7.500000000000000000e+01 5.400000000000000000e+01
-6.945005133394849262e-02 8.792849881992596817e-02 6.579185504016817898e-01 2.120000000000000000e+02 1.930000000000000000e+02 1.790000000000000000e+02
-1.219363320211172969e-01 8.120039919460957101e-02 6.294458868169344745e-01 1.530000000000000000e+02 1.300000000000000000e+02 1.240000000000000000e+02
8.430323749762022589e-02 6.468426532012967745e-02 7.505107029381277162e-01 6.600000000000000000e+01 6.100000000000000000e+01 6.800000000000000000e+01
2.761043175307709152e-02 2.457600386377052082e-01 8.037099385299532051e-01 6.400000000000000000e+01 5.800000000000000000e+01 6.800000000000000000e+01
-1.897894313930878138e-02 1.040009184099779521e-01 6.965480130133625547e-01 1.140000000000000000e+02 9.300000000000000000e+01 7.400000000000000000e+01
3.537461690071087156e-02 -2.118526317911897106e-01 5.705632205759050279e-01 2.250000000000000000e+02 2.160000000000000000e+02 2.070000000000000000e+02
9.893014663308066781e-02 -6.449675904625606915e-02 6.911157119891168099e-01 1.000000000000000000e+02 8.800000000000000000e+01 7.600000000000000000e+01
4.663690086185096062e-02 -1.308846687563610112e-01 6.119222806602665488e-01 2.330000000000000000e+02 2.260000000000000000e+02 2.180000000000000000e+02
1.636955041491628682e-01 -9.688864830675092410e-02 7.259816154893794504e-01 7.700000000000000000e+01 7.300000000000000000e+01 7.200000000000000000e+01
1.398714426076606288e-01 6.976390312676457317e-02 7.959723717861021397e-01 8.300000000000000000e+01 8.100000000000000000e+01 8.200000000000000000e+01
-1.906403164214401716e-02 -1.649914400682996052e-01 5.525575192396205981e-01 1.850000000000000000e+02 1.660000000000000000e+02 1.520000000000000000e+02
7.810044046481356972e-02 -1.965029655488336469e-01 6.077612371443728012e-01 1.930000000000000000e+02 1.810000000000000000e+02 1.850000000000000000e+02
-2.527776480326396694e-02 -1.707307639082071282e-01 5.450652565865357069e-01 2.130000000000000000e+02 2.060000000000000000e+02 2.000000000000000000e+02
1.155894966473656194e-01 -1.920413407528006600e-01 6.417640305430908354e-01 1.880000000000000000e+02 1.730000000000000000e+02 1.700000000000000000e+02
9.327250671704825913e-02 -8.351064949379997937e-02 6.768229865938605316e-01 8.600000000000000000e+01 7.800000000000000000e+01 7.500000000000000000e+01
1.359300301773509467e-01 7.289252117317995827e-02 7.964330097345913018e-01 1.050000000000000000e+02 1.000000000000000000e+02 1.040000000000000000e+02
-2.610372816512275540e-02 1.471933023900512671e-01 7.153498471898942501e-01 9.000000000000000000e+01 6.100000000000000000e+01 4.500000000000000000e+01
-3.314392249700886389e-02 1.401699235981167802e-01 7.061273907292012764e-01 1.230000000000000000e+02 9.400000000000000000e+01 8.600000000000000000e+01
-6.582036274868303775e-03 1.381362871559941308e-01 7.219458371515181661e-01 7.100000000000000000e+01 6.500000000000000000e+01 6.900000000000000000e+01
1.340039809376955895e-02 -1.666019786906092204e-01 5.725978798001755132e-01 1.970000000000000000e+02 1.820000000000000000e+02 1.750000000000000000e+02
3.883302281718614690e-02 -2.150259331429693888e-01 5.713265771291345940e-01 2.140000000000000000e+02 2.040000000000000000e+02 2.020000000000000000e+02
-1.157573336353725363e-01 -4.463760305254337035e-02 5.749505864785167120e-01 1.840000000000000000e+02 1.720000000000000000e+02 1.600000000000000000e+02
-7.594472952000781707e-02 4.211605632750580613e-02 6.317190440045848954e-01 1.860000000000000000e+02 1.710000000000000000e+02 1.660000000000000000e+02
1.055437683625690681e-01 2.544585426898989325e-02 7.439311549689777703e-01 1.590000000000000000e+02 1.440000000000000000e+02 1.370000000000000000e+02
1.337951635265894820e-02 -1.660972543594858020e-01 5.726719700020272974e-01 1.750000000000000000e+02 1.590000000000000000e+02 1.460000000000000000e+02
2.057819563051239975e-02 1.160993234209842240e-01 7.293066414366499162e-01 5.800000000000000000e+01 4.500000000000000000e+01 3.900000000000000000e+01
-5.244015646348670900e-02 1.118999413956770356e-01 6.786213772833400437e-01 9.600000000000000000e+01 7.400000000000000000e+01 6.000000000000000000e+01
8.363782552392294567e-02 -1.304614371530745665e-01 6.375896282645666657e-01 1.840000000000000000e+02 1.670000000000000000e+02 1.590000000000000000e+02
1.463560877626927936e-01 -3.309328806060425621e-02 7.454292987134980564e-01 1.880000000000000000e+02 1.780000000000000000e+02 1.770000000000000000e+02
2.008840044499016556e-02 1.161418277440963293e-01 7.292519720392949267e-01 3.500000000000000000e+01 2.700000000000000000e+01 2.500000000000000000e+01
8.340546116308851510e-02 -9.292845227510691808e-02 6.628385434940281540e-01 9.000000000000000000e+01 6.400000000000000000e+01 4.700000000000000000e+01
6.455074111021225081e-02 -2.789620762669711151e-01 5.719324101867253596e-01 3.400000000000000000e+01 7.900000000000000000e+01 1.440000000000000000e+02
3.282553113874159961e-02 -1.868105265221252920e-01 5.769888928506951009e-01 2.040000000000000000e+02 1.910000000000000000e+02 1.850000000000000000e+02
1.296239991893540222e-01 -4.079735108057329362e-02 7.281418663033505378e-01 2.160000000000000000e+02 2.080000000000000000e+02 1.970000000000000000e+02
1.543075139955160102e-01 1.233736013857042110e-02 7.766531263627605153e-01 1.160000000000000000e+02 1.090000000000000000e+02 1.030000000000000000e+02
-2.569510713017241280e-02 -1.716593447418377216e-01 5.451363985082213759e-01 2.360000000000000000e+02 2.310000000000000000e+02 2.280000000000000000e+02
4.720930847717087417e-03 3.597775712086987571e-02 6.626091482504714580e-01 1.090000000000000000e+02 8.900000000000000000e+01 7.800000000000000000e+01
-1.878276020464141050e-02 -1.846035519396489466e-01 5.441291550910759556e-01 2.130000000000000000e+02 2.060000000000000000e+02 1.980000000000000000e+02
1.390633910584783937e-02 1.018649426026366628e-01 7.169978354781708640e-01 8.700000000000000000e+01 7.100000000000000000e+01 7.200000000000000000e+01
1.854168438919372441e-01 -8.141869052632319526e-02 7.519718480158572582e-01 7.800000000000000000e+01 6.900000000000000000e+01 6.000000000000000000e+01
1.171529650322216953e-01 3.183051910290830844e-02 7.579220992088148146e-01 1.330000000000000000e+02 1.180000000000000000e+02 1.130000000000000000e+02
1.811282843934638453e-01 4.203348194414030514e-02 8.157804730468973808e-01 1.060000000000000000e+02 9.600000000000000000e+01 8.700000000000000000e+01
1.608318503151756271e-02 1.165662207805290562e-01 7.275261036860546371e-01 2.600000000000000000e+01 2.300000000000000000e+01 3.000000000000000000e+01
1.097391225637939782e-01 -1.886063767813623560e-01 6.396141904606329476e-01 1.700000000000000000e+02 1.480000000000000000e+02 1.500000000000000000e+02
6.752780408170258597e-02 -1.736071592142431341e-01 6.091922877482700560e-01 2.140000000000000000e+02 2.030000000000000000e+02 1.990000000000000000e+02
1.749841780911283104e-02 1.042167566724206823e-01 7.200095958830642351e-01 1.060000000000000000e+02 8.700000000000000000e+01 7.300000000000000000e+01
9.348316845171156242e-02 -8.344648076252553226e-02 6.768456046991367936e-01 8.600000000000000000e+01 7.800000000000000000e+01 7.500000000000000000e+01
3.448980829144093763e-02 -2.051841874227931517e-01 5.715580211571539282e-01 1.480000000000000000e+02 1.290000000000000000e+02 1.140000000000000000e+02
8.906060584376821604e-03 9.941121786207325617e-02 7.154336685560764852e-01 9.900000000000000000e+01 8.500000000000000000e+01 7.600000000000000000e+01
9.131274135128344266e-03 -1.133387670118219392e-01 5.966225510206387694e-01 2.340000000000000000e+02 2.300000000000000000e+02 2.270000000000000000e+02
9.471728646835339202e-03 -1.252197205452311168e-01 5.900895475981886573e-01 2.180000000000000000e+02 2.040000000000000000e+02 2.010000000000000000e+02
1.345450918420452308e-02 -1.136051094870275807e-01 5.981921124151295954e-01 2.210000000000000000e+02 2.140000000000000000e+02 2.060000000000000000e+02
-1.516725169864286196e-02 8.052935476707209772e-02 6.853735417992707912e-01 6.400000000000000000e+01 5.700000000000000000e+01 6.400000000000000000e+01
6.132824446629626773e-03 2.321262562387227946e-01 7.805423307607590733e-01 2.090000000000000000e+02 1.920000000000000000e+02 1.840000000000000000e+02
7.208100049235463547e-02 -1.087448492113922971e-01 6.414136872514329957e-01 9.800000000000000000e+01 7.500000000000000000e+01 6.700000000000000000e+01
1.402613949724416768e-02 1.019171906624605911e-01 7.170021079464949931e-01 8.700000000000000000e+01 7.100000000000000000e+01 7.200000000000000000e+01
2.309370859248172786e-02 -2.626657620089669076e-01 5.461053420085778543e-01 3.700000000000000000e+01 8.000000000000000000e+01 1.490000000000000000e+02
-9.194287736255224441e-02 7.702618349252872421e-02 6.418398277861009360e-01 1.940000000000000000e+02 1.840000000000000000e+02 1.750000000000000000e+02
8.753355821027945793e-02 7.841437525787851859e-02 7.602956085382543971e-01 8.000000000000000000e+01 7.400000000000000000e+01 8.400000000000000000e+01
3.324104846100089765e-03 -1.645859723039315436e-01 5.669047314722308606e-01 2.240000000000000000e+02 2.190000000000000000e+02 2.160000000000000000e+02
1.410372065040033374e-01 2.027278280807772240e-02 7.697157695461771532e-01 1.590000000000000000e+02 1.490000000000000000e+02 1.500000000000000000e+02
1.435227669464831379e-01 1.215098008166407145e-01 8.299052066284685614e-01 9.400000000000000000e+01 8.500000000000000000e+01 8.600000000000000000e+01
1.072929242093402097e-01 -1.302969246371192547e-01 6.583933932118690713e-01 1.620000000000000000e+02 1.450000000000000000e+02 1.350000000000000000e+02
-2.862355051836094066e-01 1.660992639140138338e-01 5.870317314894500926e-01 5.800000000000000000e+01 8.400000000000000000e+01 1.170000000000000000e+02
5.943910788523109473e-02 1.342390854851759074e-01 7.672617554735903234e-01 5.700000000000000000e+01 4.300000000000000000e+01 4.000000000000000000e+01
1.344883026969479478e-01 3.726153844196279999e-03 7.558828017557313039e-01 1.730000000000000000e+02 1.630000000000000000e+02 1.620000000000000000e+02
-4.236180868274187078e-02 -8.511799106209119725e-02 5.790445019156738038e-01 1.100000000000000000e+02 9.000000000000000000e+01 8.100000000000000000e+01
1.520893532298474016e-01 -4.121721565744166640e-04 7.680129635208351457e-01 1.420000000000000000e+02 1.280000000000000000e+02 1.150000000000000000e+02
-6.762758730132971408e-02 2.175910388781401028e-01 7.247856413871583969e-01 2.130000000000000000e+02 2.040000000000000000e+02 1.950000000000000000e+02
1.317368278096241315e-03 -1.480317854561240265e-01 5.734440279984780453e-01 2.090000000000000000e+02 1.950000000000000000e+02 1.840000000000000000e+02
-1.006449552879613990e-01 9.248275112420520361e-02 6.439918441487595402e-01 2.080000000000000000e+02 1.970000000000000000e+02 1.910000000000000000e+02
9.697163005369505151e-02 -1.416476293763082872e-01 6.429835410441547827e-01 1.570000000000000000e+02 1.420000000000000000e+02 1.370000000000000000e+02
-8.391550444477272053e-02 -9.923324678316856884e-02 5.509144299781510989e-01 1.380000000000000000e+02 1.280000000000000000e+02 1.270000000000000000e+02
7.245943109882316269e-02 -1.342636372839322023e-01 6.272549506309322842e-01 2.060000000000000000e+02 1.960000000000000000e+02 1.940000000000000000e+02
-8.088904108147174088e-02 3.982853378805666783e-02 6.299349751551325260e-01 1.430000000000000000e+02 1.290000000000000000e+02 1.180000000000000000e+02
-1.013140272943005848e-01 3.698936276871781642e-02 6.171452096523518671e-01 2.010000000000000000e+02 1.940000000000000000e+02 1.880000000000000000e+02
2.397567392423172461e-01 -8.209450953654301442e-03 8.408029994480377134e-01 7.400000000000000000e+01 6.800000000000000000e+01 7.200000000000000000e+01
4.868805638877718445e-02 -1.155676174152417274e-01 6.195244004616373701e-01 1.970000000000000000e+02 1.850000000000000000e+02 1.850000000000000000e+02
-3.657457159435596045e-02 7.414900363912313441e-02 6.704676771735826879e-01 4.800000000000000000e+01 4.500000000000000000e+01 5.200000000000000000e+01
2.398146451076490770e-01 3.193767235648296843e-02 8.631491078066627631e-01 5.900000000000000000e+01 5.300000000000000000e+01 5.700000000000000000e+01
-1.019179398230696115e-01 3.586902563422677409e-02 6.174210452520429993e-01 1.730000000000000000e+02 1.640000000000000000e+02 1.570000000000000000e+02
2.495174504742926624e-02 -2.627727252600850494e-01 5.452858000578540976e-01 3.500000000000000000e+01 7.900000000000000000e+01 1.420000000000000000e+02
1.895133775794095587e-01 -1.357228847651211455e-02 7.895165703447476480e-01 1.410000000000000000e+02 1.280000000000000000e+02 1.200000000000000000e+02
-1.001419550691068777e-01 1.592923096137175420e-01 6.780494906559446644e-01 1.620000000000000000e+02 1.480000000000000000e+02 1.370000000000000000e+02
-2.219609759058751089e-02 -9.928248014779764152e-02 5.845613683396240212e-01 7.000000000000000000e+01 5.600000000000000000e+01 4.700000000000000000e+01
2.466976847146985438e-02 2.401750148814059127e-01 7.989053357045861059e-01 6.400000000000000000e+01 5.800000000000000000e+01 7.000000000000000000e+01
2.352900991713771373e-01 5.410966247715118943e-03 8.452567355659779125e-01 8.000000000000000000e+01 7.100000000000000000e+01 6.400000000000000000e+01
8.823932293450414965e-02 9.174570689594922779e-02 7.673705578921119486e-01 7.600000000000000000e+01 6.900000000000000000e+01 7.600000000000000000e+01
-4.608303064092945933e-02 1.506244343217158221e-01 7.046732725375384199e-01 7.800000000000000000e+01 6.100000000000000000e+01 5.100000000000000000e+01
1.120178436221408586e-01 -5.038394603810215228e-02 7.099110958050942610e-01 6.300000000000000000e+01 6.200000000000000000e+01 7.600000000000000000e+01
4.395661124744592620e-03 8.015830516117038174e-02 6.983426564549052307e-01 4.400000000000000000e+01 3.700000000000000000e+01 4.500000000000000000e+01
-7.554873970549168261e-02 -8.259414513289491111e-02 5.664014483286983204e-01 6.500000000000000000e+01 5.900000000000000000e+01 6.100000000000000000e+01
-1.448406073533406446e-02 2.312840700225916868e-02 6.436619040951929716e-01 1.810000000000000000e+02 1.810000000000000000e+02 1.790000000000000000e+02
1.834354881764199974e-01 5.508960142921458247e-02 8.249691531566188951e-01 8.500000000000000000e+01 7.100000000000000000e+01 7.000000000000000000e+01
-5.166823263521572174e-02 2.325006380747235424e-01 7.414678294085620402e-01 2.260000000000000000e+02 2.130000000000000000e+02 2.070000000000000000e+02
-1.199429422909317478e-01 6.601458751597093222e-02 6.227645197816865652e-01 1.850000000000000000e+02 1.710000000000000000e+02 1.600000000000000000e+02
-7.393716066566875800e-02 -2.266384407069013118e-01 5.113420241835181512e-01 2.900000000000000000e+01 2.800000000000000000e+01 4.400000000000000000e+01
-4.634390453367759344e-02 -1.586069033530381756e-01 5.401775191034547952e-01 2.020000000000000000e+02 1.890000000000000000e+02 1.800000000000000000e+02
-7.533075954016668629e-02 -1.823949870938825282e-02 6.019343815917925777e-01 2.330000000000000000e+02 2.260000000000000000e+02 2.200000000000000000e+02
1.449769318480939422e-02 -1.356734436626962359e-01 5.873834224702304541e-01 2.210000000000000000e+02 2.100000000000000000e+02 2.080000000000000000e+02
-9.246477667143369536e-03 2.313472703844126899e-01 7.698650551197822045e-01 2.140000000000000000e+02 2.000000000000000000e+02 1.910000000000000000e+02
1.379460902172433279e-01 6.832089092677877395e-02 7.957348214923289920e-01 1.000000000000000000e+02 9.200000000000000000e+01 9.000000000000000000e+01
-2.744044654541046360e-02 8.871360307155382041e-02 6.827910124165854633e-01 6.000000000000000000e+01 5.800000000000000000e+01 7.200000000000000000e+01
1.347724247012372090e-01 4.784075256356444539e-02 7.808514329543441157e-01 9.900000000000000000e+01 9.500000000000000000e+01 9.400000000000000000e+01
1.183592570574079975e-02 -3.354215076989767313e-02 6.310778635885812005e-01 1.930000000000000000e+02 1.830000000000000000e+02 1.820000000000000000e+02
6.441707389062804878e-02 -5.313621642411788665e-02 6.711409418394739257e-01 6.800000000000000000e+01 6.500000000000000000e+01 7.600000000000000000e+01
9.654353267318940834e-02 -1.419937770330712834e-01 6.430074701295771522e-01 2.060000000000000000e+02 1.930000000000000000e+02 1.850000000000000000e+02
7.073692485580827805e-02 -1.159593812438291377e-01 6.356435991680399189e-01 1.740000000000000000e+02 1.650000000000000000e+02 1.580000000000000000e+02
1.618013247168684568e-02 1.908287036915607693e-01 7.698010781692278259e-01 9.200000000000000000e+01 7.500000000000000000e+01 6.800000000000000000e+01
4.846630476751079969e-02 1.692967540074064303e-01 7.785551351740190862e-01 1.020000000000000000e+02 8.000000000000000000e+01 5.900000000000000000e+01
2.428379807699578008e-01 2.413722792248879784e-02 8.607726322208363312e-01 5.400000000000000000e+01 4.800000000000000000e+01 5.200000000000000000e+01
1.140945023297328803e-01 3.992764030839716233e-02 7.571615726243996480e-01 1.500000000000000000e+02 1.420000000000000000e+02 1.400000000000000000e+02
7.323530549350948382e-02 -1.253292192052668785e-01 6.322660239794801740e-01 1.470000000000000000e+02 1.400000000000000000e+02 1.240000000000000000e+02
-9.601954324253576811e-02 -1.264403853245139875e-02 5.944156288777607822e-01 2.090000000000000000e+02 1.990000000000000000e+02 1.970000000000000000e+02
1.223259481576454422e-01 1.405166729159257333e-01 8.213723362506403225e-01 8.600000000000000000e+01 6.800000000000000000e+01 6.400000000000000000e+01
1.340855240524204406e-01 5.407306651844933504e-02 7.842346644069453365e-01 1.050000000000000000e+02 9.500000000000000000e+01 9.300000000000000000e+01
-4.240008560347965916e-03 -1.634849926903975126e-01 5.629162382959654876e-01 2.010000000000000000e+02 1.940000000000000000e+02 1.860000000000000000e+02
2.909528876444080706e-03 3.898196567388673844e-02 6.639263084630599998e-01 1.100000000000000000e+02 8.800000000000000000e+01 6.700000000000000000e+01
-1.758186366230040515e-02 -1.603165179009787000e-01 5.542059727349237797e-01 1.950000000000000000e+02 1.940000000000000000e+02 1.920000000000000000e+02
-4.330106200483130330e-02 1.791761875561481421e-01 7.233833827246098913e-01 7.400000000000000000e+01 6.300000000000000000e+01 6.900000000000000000e+01
7.697036201107234146e-03 -1.687888297019833964e-02 6.367904154139364392e-01 2.150000000000000000e+02 2.100000000000000000e+02 2.040000000000000000e+02
6.158930603359999423e-02 -2.811184612032844310e-01 5.675161044647248909e-01 2.900000000000000000e+01 4.100000000000000000e+01 6.700000000000000000e+01
6.635491024709375130e-02 -2.848720925638593693e-01 5.687587960457956004e-01 2.400000000000000000e+01 1.500000000000000000e+01 3.200000000000000000e+01
-1.041450217999919936e-01 -6.641368222737556622e-03 5.942354944574941289e-01 1.870000000000000000e+02 1.670000000000000000e+02 1.600000000000000000e+02
3.633620325072502155e-02 -1.700134011873892237e-01 5.867359157121710966e-01 2.080000000000000000e+02 1.990000000000000000e+02 1.920000000000000000e+02
1.603737331817466083e-01 -4.365471599551432741e-02 7.501867211312810424e-01 1.890000000000000000e+02 1.750000000000000000e+02 1.620000000000000000e+02
1.483298054788733666e-01 -1.211354687207444845e-02 7.583623228306201058e-01 1.660000000000000000e+02 1.500000000000000000e+02 1.500000000000000000e+02
1.797233771651485235e-01 -2.377307097988058150e-03 7.883122720597101063e-01 9.500000000000000000e+01 7.500000000000000000e+01 6.800000000000000000e+01
1.364027489027627715e-01 -1.581955527555627128e-01 6.784744879662961692e-01 1.880000000000000000e+02 1.790000000000000000e+02 1.700000000000000000e+02
5.315812713234613351e-02 -8.424706213580930581e-02 6.461646895056837314e-01 6.600000000000000000e+01 5.200000000000000000e+01 5.100000000000000000e+01
3.505270864267834297e-02 -2.393083000144634043e-01 5.633518186921562254e-01 1.600000000000000000e+02 1.470000000000000000e+02 1.280000000000000000e+02
-7.551614758499845814e-02 1.757963782247473905e-01 7.006365228235016396e-01 1.940000000000000000e+02 1.750000000000000000e+02 1.680000000000000000e+02
1.782499030289269593e-01 -2.374018066970972132e-02 7.740769184679977544e-01 1.800000000000000000e+02 1.630000000000000000e+02 1.550000000000000000e+02
2.489265330854282393e-02 -2.164247887600319331e-02 6.484948405040249497e-01 1.970000000000000000e+02 1.790000000000000000e+02 1.670000000000000000e+02
-4.760551066711909279e-02 -1.587830880028598124e-01 5.406552175477078448e-01 2.100000000000000000e+02 1.970000000000000000e+02 1.890000000000000000e+02
-6.151989685576562603e-03 1.084263271881262362e-02 6.417111935355321872e-01 2.150000000000000000e+02 2.130000000000000000e+02 2.140000000000000000e+02
-9.954204156537274639e-02 -2.115734222188277863e-02 5.903384013566330690e-01 1.980000000000000000e+02 1.900000000000000000e+02 1.790000000000000000e+02
4.600410516913817915e-02 1.344582360112175634e-01 7.573972249476702556e-01 3.300000000000000000e+01 3.200000000000000000e+01 3.800000000000000000e+01
-1.139011184256417779e-02 2.251200310030030891e-02 6.440824929042500147e-01 1.880000000000000000e+02 1.840000000000000000e+02 1.830000000000000000e+02
-1.556338528000136877e-03 -1.934326566814043025e-01 5.511393726201024856e-01 1.870000000000000000e+02 1.730000000000000000e+02 1.720000000000000000e+02
-1.048489656365390182e-01 -9.392335652167222056e-04 5.970361860613525584e-01 1.770000000000000000e+02 1.620000000000000000e+02 1.570000000000000000e+02
5.139835772477195641e-02 -1.258933451521562497e-01 6.159642488916544645e-01 2.410000000000000000e+02 2.340000000000000000e+02 2.280000000000000000e+02
6.294612966642125496e-02 5.727038070436617223e-02 7.293646114549052761e-01 5.000000000000000000e+01 4.400000000000000000e+01 4.800000000000000000e+01
-2.249914395291692168e-02 -1.841659479735784644e-01 5.425840426512028580e-01 2.220000000000000000e+02 2.180000000000000000e+02 2.090000000000000000e+02
1.161879626182652225e-01 -9.403436482067588364e-02 6.873165850154335788e-01 8.000000000000000000e+01 6.200000000000000000e+01 3.800000000000000000e+01
2.519019459582440557e-01 8.724510974933695484e-02 9.030989214748161853e-01 8.100000000000000000e+01 7.200000000000000000e+01 6.500000000000000000e+01
1.260082995643285915e-02 -6.829988458847303934e-02 6.152694257370688868e-01 1.990000000000000000e+02 1.890000000000000000e+02 1.790000000000000000e+02
1.253963699280799260e-01 -8.614478551841610321e-02 6.998510678198109902e-01 9.700000000000000000e+01 7.200000000000000000e+01 5.000000000000000000e+01
1.287291064657882129e-02 -6.908281844533149807e-02 6.152266117560449832e-01 2.110000000000000000e+02 2.010000000000000000e+02 1.890000000000000000e+02
8.841703920079149737e-02 -2.811996213518208054e-01 5.928104603494630531e-01 3.700000000000000000e+01 8.200000000000000000e+01 1.490000000000000000e+02
1.528641218289349679e-01 -4.501028676137892870e-03 7.660393623852128631e-01 1.630000000000000000e+02 1.490000000000000000e+02 1.460000000000000000e+02
3.427289325915524043e-01 1.531723760264804557e-01 1.021687005130230474e+00 6.900000000000000000e+01 6.400000000000000000e+01 6.800000000000000000e+01
1.118190265181662896e-01 -1.805939421834210912e-01 6.457332785320211155e-01 1.820000000000000000e+02 1.670000000000000000e+02 1.700000000000000000e+02
4.613621464909341274e-02 8.115431703453616918e-02 7.287771669091440696e-01 6.600000000000000000e+01 6.100000000000000000e+01 6.700000000000000000e+01
4.465304646684604972e-02 1.075958561044775136e-01 7.404970728665526414e-01 1.020000000000000000e+02 8.500000000000000000e+01 7.800000000000000000e+01
1.064938619923677804e-01 -1.242974556782647927e-01 6.592319352662138199e-01 1.450000000000000000e+02 1.330000000000000000e+02 1.210000000000000000e+02
7.491112801374262553e-02 -1.745153290052612882e-01 6.150281067086772468e-01 1.900000000000000000e+02 1.730000000000000000e+02 1.650000000000000000e+02
2.368178824824939549e-02 -1.234570256241158681e-01 6.003575386791483171e-01 1.620000000000000000e+02 1.490000000000000000e+02 1.400000000000000000e+02
3.781863171682369601e-02 1.390935312497398602e-01 7.540090441559034184e-01 7.200000000000000000e+01 6.500000000000000000e+01 7.300000000000000000e+01
-6.433914426084547632e-03 2.372179441349369089e-01 7.759682210440516092e-01 1.980000000000000000e+02 1.800000000000000000e+02 1.680000000000000000e+02
4.908097509202068165e-02 8.098529002094963236e-02 7.310077430154379163e-01 6.800000000000000000e+01 6.200000000000000000e+01 6.600000000000000000e+01
4.356763750276253511e-01 -2.133134468945784359e-02 1.002261580687791698e+00 8.400000000000000000e+01 1.340000000000000000e+02 1.970000000000000000e+02
8.208169470841708559e-02 9.256863186815521283e-02 7.637408992019073528e-01 5.900000000000000000e+01 4.900000000000000000e+01 5.000000000000000000e+01
-7.332835205333104039e-03 1.528581244915217796e-01 7.302799237622561446e-01 1.250000000000000000e+02 9.800000000000000000e+01 8.900000000000000000e+01
-1.679247398332340754e-02 -2.699838203469711040e-01 5.047873325571049508e-01 3.300000000000000000e+01 7.300000000000000000e+01 1.350000000000000000e+02
2.300348665590371267e-01 2.264647828355353665e-01 9.616516001619244136e-01 6.900000000000000000e+01 6.200000000000000000e+01 7.000000000000000000e+01
-1.759871884478671905e-02 -1.506634015658939729e-01 5.606492885676286342e-01 2.300000000000000000e+02 2.140000000000000000e+02 1.990000000000000000e+02
2.496265113224280796e-01 8.319435629620695882e-02 8.994468098054021477e-01 5.900000000000000000e+01 5.300000000000000000e+01 5.300000000000000000e+01
7.945493382375866387e-02 -5.516383861604191169e-02 6.831215653278431832e-01 6.200000000000000000e+01 6.100000000000000000e+01 6.700000000000000000e+01
1.310294703092421686e-01 -9.522144305539860520e-02 6.990383807381262971e-01 8.100000000000000000e+01 6.200000000000000000e+01 4.800000000000000000e+01
-4.159786230561791226e-02 -1.628139382213573128e-01 5.402917520790974093e-01 2.070000000000000000e+02 1.940000000000000000e+02 1.850000000000000000e+02
-8.957621973690024775e-02 -2.161969127649644024e-02 5.944336868546619135e-01 2.380000000000000000e+02 2.310000000000000000e+02 2.230000000000000000e+02
-3.284991422404860695e-02 -1.869230838451616528e-01 5.361586908708709798e-01 2.080000000000000000e+02 1.990000000000000000e+02 1.900000000000000000e+02
-1.071389314966292444e-01 1.086361167480587135e-02 6.010377347473939702e-01 1.570000000000000000e+02 1.430000000000000000e+02 1.300000000000000000e+02
-1.859625042965962552e-02 -2.700094360788174996e-01 5.033025092667859912e-01 2.600000000000000000e+01 7.600000000000000000e+01 1.290000000000000000e+02
2.418457622030157905e-01 6.564796990605344107e-02 8.833778601303838851e-01 6.000000000000000000e+01 5.300000000000000000e+01 6.000000000000000000e+01
2.384428614631397929e-03 1.872017265489019366e-01 7.572845265014529481e-01 6.300000000000000000e+01 5.100000000000000000e+01 5.500000000000000000e+01
7.313037770090222156e-02 -2.703586648605729725e-01 5.792994914805222884e-01 3.500000000000000000e+01 8.000000000000000000e+01 1.470000000000000000e+02
2.969504430708347353e-01 2.546881223553177365e-01 1.026625853181617032e+00 8.700000000000000000e+01 7.800000000000000000e+01 7.300000000000000000e+01
2.073725359431088846e-03 2.401687892093311294e-01 7.827206935920288933e-01 1.980000000000000000e+02 1.790000000000000000e+02 1.720000000000000000e+02
1.534651493312296777e-01 -9.276649134870897095e-02 7.192350702267255036e-01 8.700000000000000000e+01 7.300000000000000000e+01 6.400000000000000000e+01
1.589132342212463134e-01 -3.872085416200363867e-02 7.519970030972557007e-01 1.940000000000000000e+02 1.760000000000000000e+02 1.640000000000000000e+02
-9.798439394797801849e-02 -1.967690459626215971e-02 5.898445969808486788e-01 2.090000000000000000e+02 1.990000000000000000e+02 1.870000000000000000e+02
1.662830865055984764e-01 7.050531448568767012e-02 8.192529449451352308e-01 8.800000000000000000e+01 7.500000000000000000e+01 6.700000000000000000e+01
3.927387605971705692e-02 -9.561333837366253752e-02 6.276262904743560300e-01 9.500000000000000000e+01 7.200000000000000000e+01 5.400000000000000000e+01
2.236310751621417917e-03 1.865775241326099732e-01 7.584524901844232891e-01 6.100000000000000000e+01 4.900000000000000000e+01 5.100000000000000000e+01
-6.363644612612388840e-02 -3.422348925146437987e-02 6.002641192635069789e-01 2.040000000000000000e+02 1.950000000000000000e+02 1.880000000000000000e+02
2.885374119253753533e-01 2.474465967277305889e-01 1.023587248675171368e+00 7.100000000000000000e+01 6.200000000000000000e+01 5.700000000000000000e+01
2.248514380426626103e-01 9.231556119522117687e-02 8.833125681690570108e-01 6.400000000000000000e+01 5.400000000000000000e+01 5.300000000000000000e+01
9.483445970626548649e-02 1.647752777049514006e-01 8.119647708419686083e-01 7.200000000000000000e+01 6.300000000000000000e+01 6.600000000000000000e+01
7.450042053190621127e-02 -1.274603690053664196e-01 6.328944789417229044e-01 1.940000000000000000e+02 1.820000000000000000e+02 1.700000000000000000e+02
-1.665887370723941052e-02 -2.687477437187307805e-01 5.060416653034390810e-01 2.700000000000000000e+01 7.100000000000000000e+01 1.340000000000000000e+02
-1.892419571297709185e-02 -2.691759392338259338e-01 5.070478729687668551e-01 2.700000000000000000e+01 7.100000000000000000e+01 1.320000000000000000e+02
4.324325510104296694e-02 -2.924168924014391990e-01 5.412158239566425832e-01 3.300000000000000000e+01 7.300000000000000000e+01 1.420000000000000000e+02
2.533268710957650716e-01 2.535060629879858918e-01 9.956656536833820015e-01 7.200000000000000000e+01 6.500000000000000000e+01 7.200000000000000000e+01
9.990894249897942780e-02 2.422672191093206695e-01 8.623477548387027403e-01 7.900000000000000000e+01 6.700000000000000000e+01 6.900000000000000000e+01
7.578573921559952908e-02 -1.262148074927191277e-01 6.336915554327157141e-01 2.080000000000000000e+02 2.010000000000000000e+02 1.830000000000000000e+02
