1.178229269938851076e-01 -1.219368474225544221e-03 5.417487936441695018e-01
1.178009928986040317e-01 -1.153342485469787326e-03 5.418749983626298672e-01
1.412669604601158452e-02 3.489347391625348318e-03 5.386987917701308026e-01
1.177766168085256221e-01 -2.439351915208378893e-03 5.418787128370031736e-01
1.411684194577226582e-02 3.605322539075119827e-03 5.393352109513918080e-01
4.414266499038971281e-02 7.639028696000287055e-02 4.756649562435554257e-01
3.496843175624526120e-03 -1.468986919130554902e-02 5.298453132837055435e-01
8.136496414535701605e-02 -5.074604582407455516e-03 5.412833101790104351e-01
5.935116143031352737e-02 -4.970273945506380533e-03 5.385578354524929168e-01
-1.448576007948477740e-01 -7.040506473776815717e-03 4.702530762889677307e-01
7.153518565465739887e-02 3.076452830096928354e-02 5.419034309948529415e-01
-1.223331386219133343e-01 -2.821352568020774054e-02 4.994259470612057439e-01
-1.473910502393365740e-01 3.533840020966922540e-02 4.846929105288001471e-01
1.276864812998487198e-01 -1.615123181905313635e-02 5.417066143084542373e-01
1.349001876132552569e-01 2.103184031282887348e-02 5.110083442488335681e-01
1.242671168798799436e-01 9.777897244978427105e-03 5.414665031912974102e-01
-1.268843949866266807e-01 1.652696251861132583e-03 4.729018259862386997e-01
9.034255885595397079e-03 3.889056433873470248e-02 5.715564737652277794e-01
1.150766441135422794e-03 -9.817871397723691718e-02 5.274140514530009094e-01
-7.820680542959927706e-02 -3.223697107873297468e-02 6.892781002979800897e-01
1.173733526780120356e-01 5.399346144831015416e-03 5.424040648545491727e-01
-8.745683717682868619e-02 7.522549148872395564e-02 6.028443723585779068e-01
5.062473224767728014e-02 3.289408168581234998e-02 5.424912061830111654e-01
5.034343580907311294e-02 3.287893240743254564e-02 5.443758041132840120e-01
1.172781794742855377e-01 5.689285880350331351e-03 5.429298429317883645e-01
2.435936308291216865e-02 3.617672621617847722e-02 5.528047800220776686e-01
1.242905581017617472e-01 6.887193251856270869e-03 5.412429231985770306e-01
5.520464863075355555e-02 3.349035830845287220e-02 5.442755458191053108e-01
9.053190338716106400e-02 -2.594203071882888317e-02 5.406815352431848520e-01
-1.374592362877217200e-01 3.229584829179001082e-02 4.863753490374501665e-01
1.160363568839165851e-03 -1.734059317338425971e-02 5.291332123405865229e-01
2.666266348761322721e-02 3.447153523437630068e-02 5.472279384502755084e-01
6.979557579486268815e-02 6.785310360833890497e-02 4.079608005047951069e-01
1.129485063436929670e-01 -2.992093142950504742e-02 4.687213058896679829e-01
6.295400972509569010e-03 1.393453644173716678e-02 5.416879895741304463e-01
-1.136245651463734380e-01 -6.864612949396938640e-03 4.777211487359859787e-01
1.580578210898894442e-01 -6.837195538169736631e-02 5.157009266611839449e-01
6.317211774912176447e-02 3.101083596010117960e-02 5.433090723332991701e-01
5.275005302786694300e-02 1.195518871810945932e-02 5.423566836563138427e-01
2.594206479137184732e-02 3.653929163207377678e-02 5.583300181033772347e-01
1.139480977462994649e-01 -1.176315593239264483e-02 5.413168501420516643e-01
5.750450932880550592e-02 3.140927143586455528e-02 5.421460352311350261e-01
1.460479203234951728e-02 3.335653203150264201e-02 5.697135111368826221e-01
8.219314891269657863e-02 2.753612314702841984e-02 5.406079715791503038e-01
4.373502158160162689e-02 1.011157301039740467e-04 6.408790484668205334e-01
-8.607247809532656002e-02 5.336339948947824846e-02 5.303505610143119942e-01
-7.935196675832006941e-02 5.426602944616158719e-02 5.343499243488530892e-01
8.784921986628516088e-02 1.847699410500163592e-02 3.930702413200169443e-01
1.215570859935217046e-01 3.536607260184438002e-03 5.418965314689275781e-01
8.864007902574239095e-02 1.083096004282865440e-02 5.414236205847757777e-01
1.860257631647065785e-02 3.634848061446521034e-02 5.641066803512466699e-01
4.667264942356640772e-02 -4.194973290164780155e-02 5.528444871764131019e-01
6.250397150295849968e-03 -1.512925254690039231e-02 5.303261995851425992e-01
-4.335908190171330195e-02 1.872029947236136110e-02 5.468100019670446565e-01
-9.620545598738294846e-02 2.710763720089382628e-02 5.136190774629737499e-01
1.478355023152773688e-04 3.104757940187773471e-02 5.598253270821067495e-01
7.454658163796967774e-02 3.212348726726533404e-02 5.407806138398946194e-01
1.504635691317702736e-02 2.986922410905739136e-02 5.495035365934949345e-01
1.220474682905236391e-01 8.317785743034709564e-03 5.418161420462859201e-01
-1.633595323186868772e-02 4.860110870341395606e-02 3.903490523318687289e-01
-1.532779371681571023e-01 -1.490878508856464425e-02 4.745407381389808443e-01
3.719676200325108123e-02 -2.626105849402788142e-02 5.362951647690016310e-01
9.033618369317875096e-02 -1.235221680872640102e-02 5.410059108692312213e-01
1.563777382449993078e-02 1.299375446455940109e-02 5.447683553859044014e-01
3.847984383231502215e-02 -2.822810402270150773e-02 5.352756836991490186e-01
9.861677737594755355e-02 6.523614770954257180e-02 4.240437393873550675e-01
6.350203029321087669e-03 -5.407021033899215429e-02 5.327248546688840847e-01
7.442626965360145397e-02 3.200921039874762841e-02 5.413421659313809586e-01
6.015070648379741139e-04 -1.369332156962353025e-02 5.300701792985434979e-01
3.847506270196392880e-02 -2.777594560629457338e-02 5.343480261997936021e-01
3.815989741121796758e-02 -2.768990937773125119e-02 5.353485838749214576e-01
3.554566031797938563e-02 -2.507334993801136822e-02 5.349957679741519367e-01
7.055207591734180550e-02 -1.732235918130592064e-02 5.402378820495284950e-01
4.354952784157255230e-03 -1.100970909915045468e-02 5.295196326416793386e-01
1.153808638570029826e-01 2.796323748227931907e-02 5.397311737211736293e-01
9.045622118858580307e-02 1.107181968905054763e-02 5.410648624073567392e-01
8.655425705181983564e-02 7.902903749716598883e-03 5.420465217504538691e-01
-1.403085586377646188e-01 4.000263273224371335e-02 4.875218227508779090e-01
-7.170095114836309846e-02 6.417278723482296166e-02 4.567198336266655168e-01
-1.225093152081479196e-02 3.673304893844502733e-02 4.702230173703291771e-01
1.563423183142844397e-01 2.002959228797134006e-02 5.146822438041493974e-01
-1.401383138710831644e-01 3.473793869154031405e-02 4.865548538682086810e-01
-1.757371837109806406e-02 -3.433103443297010754e-02 5.257137038170415222e-01
-8.448101595107784800e-02 1.024600543436733346e-01 6.705337140829915610e-01
-1.416160903422268580e-01 3.031410040063868896e-02 4.870951030014867844e-01
-1.408245679869023492e-01 3.607484188211380893e-02 4.861475277044434162e-01
1.563292107727133895e-01 1.733548933990531823e-02 5.147753471605188702e-01
-1.271397279651343970e-01 2.625764257033254626e-02 4.852301536993062769e-01
7.094128452379526439e-02 -1.755162034002083135e-02 5.385480932605357651e-01
2.195642830606573531e-02 3.619033848244160995e-02 5.584114050079576064e-01
-8.088009818423583241e-02 -1.629538243691611848e-02 5.199298703771979557e-01
-6.500300814903227364e-02 1.237221967492844674e-03 5.120607526225388062e-01
-4.904976371073029029e-02 2.613188380609000189e-02 5.478466052265574815e-01
9.676019386904406716e-02 -1.890192690001521805e-02 5.403671422183928819e-01
1.122624046745336612e-01 -1.418532999663494297e-02 5.415555561871689960e-01
-7.293319362981848242e-02 8.167088339151720028e-03 5.183729641727298221e-01
-1.218426386243263437e-01 3.815106138577616796e-02 4.911698792493697785e-01
1.283371430977928683e-02 -5.818674447817923090e-02 5.172683888464006952e-01
8.791025822758069541e-02 -1.614468882166277680e-02 5.408628469011481643e-01
-2.419668823872280546e-03 5.633958007005817475e-02 4.786963074218443803e-01
6.467432633022306143e-02 -1.183725220423067354e-02 5.408586677840321322e-01
-3.611944436417730692e-02 7.247140984707853284e-02 6.555610056312801692e-01
-3.732697319060195723e-02 4.057954992374109005e-02 8.755178136766018637e-01
-7.075471499775348554e-03 6.395153160992142483e-02 5.391180669981845419e-01
7.653106277786468625e-02 -1.180923717187998788e-02 5.401017226224349432e-01
-1.608608492047249820e-03 -5.549195446501942186e-02 5.272655909831546195e-01
-1.408341741082542176e-01 2.956355973370682760e-02 4.872111065404537422e-01
-6.797201987400038059e-02 6.209833908152286724e-02 4.392397150665343086e-01
2.094061763750243096e-02 3.466155398373444579e-02 5.607136939188223090e-01
-4.247501379256740650e-02 2.346862911625225215e-02 5.503868207739534002e-01
-1.406520851743255640e-01 2.904991641430151872e-02 4.871913964631307548e-01
-1.010167388875057026e-01 3.569929044052230077e-02 5.299898485860928821e-01
8.206078454795211197e-02 1.900841228756324983e-02 3.803975043059423800e-01
-9.347892362969954794e-02 1.690949410526504035e-02 5.166616433934261288e-01
-1.362418168343766667e-01 4.072775860761642525e-02 4.872533528951020210e-01
-1.249504189699713746e-01 8.176902648332726176e-02 5.861066092465558874e-01
9.695902555064729589e-02 -2.115974710409138440e-02 5.395910979420169840e-01
-1.449519432219742270e-02 1.035342887170037224e-01 1.317750391212394678e+00
4.497381036425511514e-02 -1.860638815473306118e-02 5.345957034745625336e-01
-1.223942362636412512e-01 3.566101662995300320e-02 4.850679192724792199e-01
-1.065927818904833235e-01 7.898565879990719629e-02 5.921688699544368495e-01
-1.615552817239527053e-02 1.143085951867668093e-01 1.450701941826666230e+00
-1.412340042938527163e-01 2.273087811656688759e-02 4.882995131963604463e-01
-1.243181373056641975e-01 3.773434688987207380e-02 4.843688139891401123e-01
-3.804953869683907336e-02 4.584464927148102636e-02 5.276426862086704972e-01
-1.336933722766245336e-01 3.467587261497669798e-02 4.873538658094105913e-01
-2.475021171655914648e-02 2.908547115796501423e-02 5.739955615374718878e-01
-1.589424173803581641e-02 -3.268134387115095157e-02 5.259677071230454137e-01
-4.227593773364935609e-02 2.358287966118379972e-02 5.549125359115849587e-01
-1.443397675343943976e-01 3.125998123570070814e-02 4.877318103038170705e-01
-3.848443830557243123e-02 4.559286571497840612e-02 5.293006412053788967e-01
-1.351896421239203172e-01 3.588975292153423480e-02 4.851623527160927596e-01
1.346113973397692655e-02 2.476785384654353259e-02 5.645143977326277929e-01
-4.509533593523373796e-02 2.537199452729761370e-02 5.505440685908605802e-01
-7.636148014719591759e-02 7.594048842314961301e-02 6.166862315478691681e-01
-1.422284321309218724e-01 2.311256917787765652e-02 4.881974321335357803e-01
-2.478418612981546365e-02 7.349912674491523856e-02 6.568527813985206576e-01
-1.273786231739495178e-01 2.782394887827370836e-02 4.846975176280353126e-01
-1.804138948589861444e-02 -3.021165960314865437e-02 5.259164110804070980e-01
-1.528986891978164914e-03 3.603963125745759943e-02 4.020948718145531120e-01
-8.944715197835478859e-02 3.567573923076924891e-02 5.288777359518194165e-01
-1.268502979523963847e-01 3.110030798073119482e-02 4.848427913979144188e-01
1.140754003179285103e-01 -1.625601690425153290e-02 5.424130173920710396e-01
-7.380584296420059087e-02 -2.913338824829011381e-02 5.129754264871295710e-01
-1.388629482429255824e-01 3.610102654261721639e-02 4.861706075134529237e-01
-6.582211661898706989e-02 7.048729664688180036e-04 4.877518540525532242e-01
5.714025879444512013e-02 -3.493718689573133834e-02 5.570212536622163313e-01
-8.080116870999786219e-03 3.081465265018453262e-02 3.835502177479069852e-01
-1.144485375476900386e-02 -3.767836635568981574e-02 5.258442055218238709e-01
-1.250060258052393125e-01 2.979230881947619869e-02 4.846401957126429960e-01
1.031690679004105271e-01 -2.454691468765318740e-02 5.407614732229264476e-01
6.402694606794996635e-02 -2.472971409844227503e-02 5.396954439805318193e-01
8.779343573427425551e-02 -1.666373799366036371e-02 5.406605238748093401e-01
5.189890600191140319e-02 -1.423443435409204628e-02 5.382919827665637591e-01
1.947462098708523798e-02 -2.597537946890101854e-02 5.293235577710119211e-01
8.448897591081981628e-02 1.810810813048619947e-02 5.425697020518710501e-01
1.049939345636680399e-01 -2.648841416599906698e-02 5.398432363208499618e-01
-1.227475179916803494e-01 3.535559776321421654e-02 4.873843691344604823e-01
-7.367427333514521559e-02 -2.945964610668133643e-02 5.124159762778772720e-01
1.262681134256705973e-01 -3.569903221838544635e-03 5.411567074357294116e-01
7.433863148036513879e-02 4.808264213595561665e-02 4.735439950843554624e-01
-8.844805554565755845e-02 2.890231553760418473e-02 5.277585881491919650e-01
1.134637983102669695e-01 -1.675029128088745961e-02 5.417518633234525982e-01
-1.390436978375896304e-01 3.391267587949321066e-02 4.862180138821915465e-01
-8.243450111125898150e-02 3.936759250803165827e-02 5.351996614713032674e-01
-9.110571731621400215e-02 8.227057076472871211e-02 6.025751450430030243e-01
4.296358780397988020e-02 -7.651035556766701273e-02 5.416867543002535923e-01
3.790832558970791411e-02 4.742977906539835864e-02 4.711978590007947498e-01
-8.549054201080014126e-02 -7.193056558968564940e-02 5.238969220860403286e-01
7.087422733705819877e-02 5.508198146641760974e-03 5.417868437878039511e-01
-1.333168131656787270e-01 2.644122802155730173e-02 4.855284275434390562e-01
5.600072500912388340e-02 4.454551436861668018e-02 4.858474251842775926e-01
-9.081064506265468239e-02 3.818379500023302842e-02 5.308164496368251717e-01
-3.583259794562512757e-02 2.384192929948179135e-02 5.574054226550037017e-01
-8.617910642837602053e-02 -3.347862360848525426e-02 5.213357840542199861e-01
7.300690776766446954e-02 -2.765089106732534704e-02 5.379172759073904686e-01
-1.393407326121222922e-01 3.557196645273116853e-02 4.863939857002459455e-01
3.686449398972016511e-02 -3.496355236020431967e-02 5.543085704869249453e-01
1.417958738118805725e-02 4.025459138055975661e-02 5.096672766244630948e-01
7.440271886380420141e-02 6.746195757075169885e-02 4.102670616876248344e-01
-5.250403310325486850e-02 4.677393509704713681e-02 3.005305220414891121e-01
-5.506535490026824575e-02 1.030253217091207062e-02 5.368724711957921780e-01
7.927539361085864100e-02 -1.502111687508944637e-02 5.402016341520978759e-01
7.087410015604725388e-02 5.748909901719217487e-03 5.422183638951755258e-01
-1.383213043326190772e-01 3.677958045658083486e-02 4.863383396906138523e-01
5.489402287553072496e-02 7.964365330031385193e-03 5.409790114136165950e-01
1.949524336949000347e-02 3.859860951321855693e-02 5.620294100174009211e-01
3.679250360154315280e-02 -3.469809288242433482e-02 5.552887422238269588e-01
-1.257148944075557606e-01 2.741162496202784529e-02 4.848260829092693736e-01
1.203696666597441067e-01 -2.730087828662722954e-02 5.281213651910210416e-01
-1.055219713464858600e-01 1.687753007428115931e-02 4.931540043983198007e-01
6.292914473150583096e-03 1.684490190006958724e-02 5.420125693996742378e-01
7.041930017329312008e-02 -1.114658374324294619e-02 5.403095976650665877e-01
-8.473151076515794689e-02 7.354490939168781272e-02 6.053655774440938053e-01
1.318339519238365468e-02 -2.947347074352258192e-02 5.312359983793984997e-01
8.617846417729832509e-02 4.968216481881108926e-02 4.295948613536417215e-01
-1.307933614074751061e-01 -5.571704920000510042e-03 4.770339369925470918e-01
7.896417015996845534e-02 -2.716145544206504184e-02 5.390856635542801145e-01
5.820778528902212368e-02 3.389108945214930335e-02 5.423173692021779901e-01
8.246369900539771147e-02 -1.790162524721067641e-02 5.402176273849318422e-01
5.553787227194094400e-03 7.539136507729013448e-03 5.338846218421208212e-01
5.561638972365939848e-02 -3.465879539804671283e-02 5.608893534461200092e-01
-4.490918205801087970e-02 -1.550215183019455593e-02 5.087183789260872890e-01
1.491579104354989194e-01 -7.373557987160021809e-02 4.639401832508804890e-01
-4.695075679171417660e-02 -3.943970897349268444e-03 4.305373401311685666e-01
8.389178862562690631e-02 -1.597753194109170424e-02 5.408628529430222764e-01
-1.304573280256104972e-01 3.431579370063872481e-02 4.845592405637346167e-01
-2.852064728325071769e-02 7.129915888152574266e-02 6.831172885312748466e-01
-1.256394383675529802e-01 2.919604450294227202e-02 4.847010116894130971e-01
1.033729587316139648e-01 -3.070848687689203826e-02 5.532381519479977472e-01
1.248739682180372845e-01 -1.532238183694141932e-03 5.418133462142897816e-01
-3.511775694770812722e-02 2.362448892136924036e-02 5.577520026010910348e-01
-7.575656627789219277e-02 9.770177922270692483e-02 6.834587456318610421e-01
1.220454846742515150e-02 4.658635366776408410e-02 3.660288565189692145e-01
-8.329366715229540030e-02 2.068490650983012200e-02 5.180793289441781857e-01
8.537233109279131205e-02 -2.688016701975173492e-02 5.403637201870139517e-01
1.279695673773459663e-01 6.515407086882565348e-03 5.408949816507454544e-01
-5.598559053753373455e-02 6.397145855610754904e-03 5.531812713467176845e-01
3.465976599744531594e-02 4.185369319727182819e-02 4.863494025653670727e-01
1.310919470694342677e-02 -3.037220615872598950e-02 4.999563986267432369e-01
8.150710959612419981e-02 -1.612630083072813872e-02 5.396524717593574882e-01
-6.688030051677600063e-02 5.719852163952452578e-02 5.279267671614027435e-01
-8.622437134608078313e-02 1.443396846475322563e-02 5.185641741260695881e-01
-4.684775535385510975e-02 -3.649702968424968583e-03 4.323849727449680103e-01
-3.174879704276288572e-02 4.594013869964815337e-04 5.180277522492010567e-01
-6.327138882817033572e-02 -1.535679115086628806e-02 4.985926733191810012e-01
-8.797967013873961295e-02 -3.664512204451752381e-02 5.217020411486025244e-01
1.310008042408467299e-01 4.005001792816032663e-03 5.416632561347314301e-01
-5.324793944791634398e-02 7.136967131699363531e-02 6.397416087149850883e-01
1.023380845071674150e-01 -2.877499710604214736e-02 5.571028173452204912e-01
-3.003480306254074222e-02 -2.492356564005919484e-03 5.141071908159807746e-01
-7.273193201120287110e-02 5.138063810289849459e-02 5.384654719924707456e-01
-1.186521756238739789e-01 2.101311604820606249e-02 4.893133414130085290e-01
-3.670891117602464310e-02 8.308520029680054866e-04 5.082884999655894465e-01
-1.321829501813628072e-01 2.867804805581353547e-02 4.858390107890964704e-01
-4.267790946107674621e-02 5.625414168885275318e-02 5.627355947887521248e-01
6.451201609787582392e-02 -2.833295372776867618e-02 5.281260688366803402e-01
-4.071145889772339460e-02 4.674967973650092506e-02 5.421894754391755056e-01
-8.517395740159350304e-02 -5.753709577660393731e-02 5.890028361299124438e-01
1.002584175470446898e-01 -3.183644421271267233e-02 5.562543259704436638e-01
-5.909720026601314458e-02 -1.562054560793142005e-02 5.007003093604394106e-01
-1.186011751444401574e-01 1.991242401018805327e-02 4.892355530796195784e-01
8.959839229208474420e-02 8.304071557467582188e-03 5.412140955514712637e-01
-1.228619957312203775e-01 3.156572896532657685e-02 4.843901318873330419e-01
3.122913998367464125e-02 -1.460807598714543125e-02 5.364242999083574936e-01
-6.679137463347203929e-02 5.825124594260474263e-04 4.881340665405815571e-01
-9.049762642658762402e-02 -6.381890676587362310e-02 5.236446567193968615e-01
-9.202474914087241387e-02 7.258541006892659485e-03 5.175902386721209503e-01
1.508760901748761561e-02 4.163496223355978715e-02 4.656604877978234858e-01
-2.878754323797828515e-02 7.120361716822702636e-02 6.785659195727088422e-01
-1.298859652545447108e-01 3.442107651726712680e-02 4.870154221119640803e-01
1.117531500855639334e-02 -2.930969622154622548e-02 5.303924495110947657e-01
3.114068891684191112e-02 -1.496065947849390884e-02 5.353132871807758653e-01
-5.637333618015937658e-02 6.642486674458400464e-02 5.820360188048389061e-01
6.816096518966478779e-02 -3.815613874658529275e-02 5.456587256747615911e-01
9.148662643103278036e-02 -1.427871033929546327e-02 5.408141922601084062e-01
-1.349987088960581672e-01 4.202744722319336212e-02 4.896477975383077275e-01
-1.189896439360194208e-01 2.109966450080203240e-02 4.878352163272028919e-01
2.457728186548745891e-02 2.700481913399718770e-02 5.529227490766427389e-01
3.451447787465863892e-02 -1.717625085834254342e-02 5.347934267411564857e-01
1.977068735244253556e-02 -1.829274632264262651e-02 5.326123121132423366e-01
-5.105506675148261536e-02 -2.553521248188971374e-02 5.107543229114862582e-01
-8.351511431591830681e-02 -1.261307973407166903e-02 5.203433948346922744e-01
2.517840633771316339e-02 -3.560038320412837326e-02 5.508003462104241743e-01
3.930658527336548629e-03 -2.948049835272933267e-02 5.285315109291176539e-01
1.174729563129429527e-01 -3.146617256377245986e-02 5.413033148326683586e-01
7.409288572305952614e-02 -1.475147250891563865e-02 5.394123400264942969e-01
6.821735545546404877e-02 5.426826795386113789e-03 5.396329135317523562e-01
-2.347136576766956778e-02 7.732313171209147240e-02 6.792383126761080137e-01
-5.803651249145418828e-02 -1.337728885850140818e-02 5.009546590415269174e-01
-9.072306832335534296e-03 -3.595253295303352248e-02 5.266161310319010802e-01
3.700934766910567858e-02 3.891446412546812478e-02 7.155727750719450553e-01
1.595394582090614230e-02 1.347958482097317591e-03 5.435214549225658720e-01
6.806597610040157620e-02 6.343058467633166074e-03 5.419814592039314816e-01
6.514394675641924093e-03 3.737142599817696448e-02 5.840801983376813222e-01
1.659512131818118019e-02 -2.875997415767081455e-02 5.306488333597012552e-01
3.626578599895579486e-02 -3.264241162299959947e-02 5.334159205750422794e-01
-9.744781713851682903e-02 6.105413988375165552e-02 4.216892788331874087e-01
1.093260458080060477e-01 -3.159692695680797053e-02 5.403955884304793011e-01
3.912593049055201888e-02 -2.754822698655062102e-02 5.967530095976641968e-01
1.250304844199100485e-01 2.499376864391257991e-03 5.418935361214809454e-01
4.062425200694023270e-02 -2.743719632029791369e-02 5.351308588246056486e-01
5.691831161567083297e-02 -1.636691832714360847e-02 5.381020651892346462e-01
4.464615384459714315e-02 2.969289440319710163e-02 5.443791160593849376e-01
-4.871171936209026804e-02 -2.502198702439204642e-02 5.186203434552828506e-01
3.804613428389695684e-02 -3.106507790480514397e-02 5.336945229487571885e-01
7.053003448368731776e-02 1.051447459623326003e-02 5.514460454394646272e-01
4.519947010938914211e-02 -2.974701254116056404e-02 5.804805551697281851e-01
-4.071980731845181029e-02 -1.765107330005702760e-02 5.113247960445470586e-01
-4.339247446993747814e-02 5.096435046993570694e-02 5.451284899541813944e-01
-1.322634287844021150e-01 2.839699185437200707e-02 4.854856295395015842e-01
5.257505487751626405e-02 1.625845635120508814e-03 5.345769323832503250e-01
1.086294420484800183e-01 -1.782451705745585757e-02 5.412808233370569599e-01
-9.085390127071532596e-02 -7.333958178747521095e-02 5.242024773461506637e-01
-2.340843264395958689e-02 7.734951507060534859e-02 6.792048952273553875e-01
7.448627824439815748e-02 1.577606968730078593e-02 5.423334585024186527e-01
8.902939482844635100e-02 3.714015715163653322e-03 5.416405631649077179e-01
-4.084467725944445488e-02 8.974103523254466650e-04 5.060067934208406504e-01
2.527920420761663178e-02 -3.546520695063187095e-02 5.511635907478305008e-01
-4.776328240988515078e-02 -1.250206008880489980e-02 5.063626070220723641e-01
-5.560204219292556177e-02 -9.742416118510678971e-04 4.951248087236507778e-01
1.115492268865454599e-02 4.368342983278410141e-02 4.336427759204359855e-01
1.117038006296874469e-01 3.933538636689869541e-03 5.414643319761737184e-01
-1.371468408924727544e-01 2.203662659520302936e-02 4.880400028204162077e-01
-1.362786892404922179e-01 2.871444787423238845e-02 4.865772753935783124e-01
1.102890271421307598e-02 1.314343261715577530e-03 5.363630109752167696e-01
7.749497650908261648e-02 -1.605921866354505928e-02 5.406056071052161016e-01
-1.357046735543175620e-01 2.155979777301123002e-02 4.876094648513695784e-01
6.400035104978636646e-02 -3.269501699324820626e-02 4.937107306495840953e-01
6.767397152231073576e-02 -3.683812941438210226e-02 5.460581144106836371e-01
3.510327789900961892e-02 -2.564833037791557427e-02 5.354777741863239182e-01
9.295520174219263840e-03 -1.683104560679893683e-02 5.308420896850175597e-01
-9.023605102881927797e-02 -3.924884967101060357e-02 5.216664327807165602e-01
-7.797260289580058845e-02 1.024276113058757709e-01 6.982645235749520563e-01
-1.015616994247482870e-02 -1.496793804154666202e-02 5.266250791399895714e-01
3.761611144671831580e-02 -2.263796624827223505e-02 5.357214693195100352e-01
-1.241046258826495052e-01 -1.046626245741844735e-02 4.772868126238083986e-01
7.478452082523187605e-02 1.081146829820387248e-02 5.336975992888186582e-01
7.130956664063423101e-02 3.971576576796766178e-02 5.194979604954126362e-01
2.002341711944005329e-02 8.758472338876751098e-03 8.885895001146570937e-02
5.780775916662414526e-02 4.296791610186659338e-02 4.869933982128941130e-01
-5.675866784028746337e-02 -6.185404458538899808e-03 5.452423424814274444e-01
2.412386748383268248e-02 1.710613851208359765e-02 5.453663371371780810e-01
-1.511407307687394896e-01 3.988111187159017190e-02 4.844391852435517287e-01
-5.088806178839072429e-03 -2.963392025248525949e-02 5.271047889290448873e-01
3.829930876130965833e-02 4.073833679998696555e-02 4.845704095665118727e-01
1.273664398656451091e-01 5.647033853960799731e-03 5.410216541779765409e-01
9.822100761728480567e-02 -2.360205029143252684e-02 5.402611256446289145e-01
9.815547352655965008e-02 -3.041279207235986909e-02 5.415643402635846870e-01
-7.981207467162734770e-02 -5.374958283489107008e-02 5.401966011789265387e-01
8.121044817576037259e-03 3.265651886373142215e-02 5.703795567325820048e-01
-3.815762184223258496e-02 -1.499851261695644110e-02 5.128794772846922978e-01
4.498079855027215662e-02 2.814855545498004888e-02 5.488144343260458191e-01
7.021677211455555623e-02 -1.814772204683086018e-02 5.394933149649729920e-01
-5.367572368180317972e-03 -1.545895510264327054e-02 5.292119239285242305e-01
-1.243151870948446813e-01 -9.694640253301720773e-03 4.770488320366739754e-01
5.029069527972040293e-02 -3.058294155235316211e-02 5.350152634005815866e-01
-8.807971597740923975e-02 -2.120207438892243376e-02 5.203085333734791540e-01
-9.387564292627793849e-02 -8.321760496285744713e-02 5.246985562609042253e-01
-2.978045557934743542e-02 -2.109100343923690779e-02 5.182678113208319948e-01
1.133392408360826831e-01 -2.326305177703987329e-02 5.410684007829874576e-01
-8.355856821000384738e-02 -3.705102831847011113e-02 5.216295340788893453e-01
-4.833257130890654396e-02 -1.079756091705359224e-02 5.052672914315173847e-01
-4.819458689489760500e-02 -1.006477636017710960e-02 5.087017172414199928e-01
-5.820505727127944784e-01 2.613631125402151589e-01 2.702946298157156590e+00
-5.064061594980505399e-02 -2.327124597569881631e-02 5.238693269605719793e-01
9.000127746280571495e-02 -3.248537248821009582e-02 5.540484163237967552e-01
5.626244297435073483e-02 5.907177438722447695e-03 2.402742521308692814e-01
-3.443184970374186388e-02 -2.641253129059803820e-02 5.218497671439322749e-01
7.040686481177471645e-02 -1.774515724325421637e-02 5.398232407023644264e-01
-3.953093109983534664e-02 -3.222828321504089127e-02 5.143969664041642131e-01
-1.283964519506692881e-01 2.062763846488415917e-02 4.865293323820162330e-01
9.043490731847700359e-02 4.513335715310400585e-03 5.448857938665986334e-01
-4.834070669232409106e-02 -2.269471807004467406e-02 5.313999991218014696e-01
-3.700103992265842828e-02 -3.249674755797928721e-02 5.205955087659922542e-01
5.283703197948960012e-02 -2.631736296136259062e-02 5.370273811684863619e-01
7.518787387408858158e-02 2.518548985442105662e-02 5.411455121944513946e-01
5.409251697653583851e-02 5.688238853283343263e-03 5.412326198633794494e-01
-1.248178495733879845e-01 -8.256266039427754416e-03 4.767120286585332933e-01
5.486910488342722388e-03 2.236505452012122613e-02 5.611942073130221642e-01
1.001625935712203153e-01 2.928834591345554073e-02 5.395692870962738308e-01
8.660506983511876214e-03 2.336833909810424534e-02 5.499802984850601373e-01
6.176969159791179456e-03 8.150655960585835840e-04 3.649598133094309471e-01
1.136320794671266121e-01 -5.301802246612252745e-04 5.428544647950986901e-01
3.055611079918689812e-02 -2.260002556959986655e-02 5.345009564635018195e-01
-6.780438697230532601e-03 5.755276801478418497e-02 5.344605992391208149e-01
7.301004479348500997e-02 -3.045760621220865508e-02 5.478027822978002170e-01
-7.400698619926863141e-03 -1.557477549956578881e-02 5.276009075468957032e-01
-6.156021573922071388e-02 -1.359221102973145502e-02 4.964635233674952741e-01
-3.307925595459356577e-02 -1.430018878650807061e-02 5.168527790126208332e-01
-4.379502407747073306e-02 -3.191782319838191995e-02 5.158295691782435188e-01
5.624703489837851178e-02 4.608671399430940008e-02 7.081219047002802469e-01
-8.549163746831157928e-02 -2.412546808970517445e-02 5.208471788450218520e-01
-5.694358604214016378e-02 6.254699323431620744e-03 5.530706691526658947e-01
5.722775641087684065e-03 2.205848949359681677e-02 5.582172078551107530e-01
-8.342930546052657048e-02 6.505836661739052007e-02 5.480574893362630817e-01
4.734326149142221302e-02 -2.716909708469808851e-02 5.366500151916476780e-01
-2.071858621490905994e-02 3.573446860745414094e-02 4.746069793119544467e-01
7.404748617963979873e-02 -1.490581586535311316e-02 5.392303595594016841e-01
-3.461375173051268322e-02 -1.286787325634772099e-02 5.152872265486918568e-01
5.583434761060741131e-02 -3.809840680748786870e-03 2.402877604324153704e-01
8.977640650827410640e-02 7.068500330063185247e-03 5.413038996813205328e-01
-3.808815416987710450e-02 -3.201069661889360124e-02 5.179118624546925620e-01
8.772610141328958389e-02 -3.276652846704108252e-02 5.331835301026743856e-01
9.027288208325796870e-02 1.219925742989869631e-02 5.534155017300287360e-01
-5.229593543516364990e-02 -2.033190167168713591e-02 4.597001004316748629e-01
-3.300947860376661491e-02 -1.426815986982526291e-02 5.171670759787432292e-01
-1.311146850118130591e-01 2.928205247439351344e-02 4.854108667834593493e-01
4.223350034188130819e-02 4.175789817706469093e-02 4.844702725487898820e-01
4.089992933641167783e-02 4.179864950894959796e-02 4.867969264730373502e-01
7.738162167250292600e-02 1.618743089340528990e-02 5.410822302975237807e-01
6.809511110064554729e-02 1.431554415420035510e-02 5.326484388702136252e-01
-1.246755837175169898e-02 3.392572469776351796e-02 5.109869294430310349e-01
5.185822441941147221e-02 3.279835393883420713e-03 5.426173071156626948e-01
