0.0962 0.1241 0.64762 180.0 159.0 158.0
-0.12674 -0.03604 0.52375 239.0 234.0 230.0
-0.16141 -0.05136 0.52454 238.0 227.0 233.0
-0.00671 -0.03185 0.58127 18.0 13.0 10.0
0.06168 0.06812 0.61364 232.0 224.0 222.0
0.10489 0.11104 0.64791 240.0 228.0 228.0
0.11356 0.08273 0.65243 230.0 226.0 223.0
0.10408 0.12738 0.64951 247.0 242.0 239.0
0.09196 0.10769 0.6385 231.0 226.0 222.0
-0.01579 -0.02232 0.57149 236.0 228.0 225.0
-0.19236 -0.06681 0.53935 238.0 230.0 228.0
-0.01165 -0.02495 0.57502 249.0 249.0 249.0
0.10808 0.12819 0.65217 224.0 214.0 212.0
-0.01167 -0.02496 0.57504 249.0 249.0 249.0
0.08304 0.12447 0.62834 241.0 237.0 236.0
-0.14674 -0.04461 0.52209 246.0 240.0 240.0
0.05146 0.00775 0.60777 248.0 238.0 237.0
-0.11514 -0.03155 0.52731 245.0 237.0 235.0
0.08646 0.12327 0.6368 241.0 237.0 236.0
-0.01974 0.07931 0.56243 239.0 231.0 228.0
0.08188 0.10491 0.63122 229.0 217.0 217.0
0.08198 0.07389 0.62862 233.0 215.0 213.0
-0.01136 -0.02323 0.57482 251.0 251.0 253.0
0.08772 0.01813 0.63317 240.0 231.0 232.0
0.04799 -0.01602 0.60645 234.0 231.0 226.0
0.05364 0.01645 0.60662 238.0 239.0 241.0
-0.0182 -0.03203 0.57086 237.0 229.0 227.0
0.14828 0.11772 0.67833 51.0 37.0 28.0
0.14777 0.11726 0.67855 33.0 22.0 18.0
0.04957 0.09712 0.60814 219.0 208.0 206.0
0.05171 0.00899 0.60779 185.0 191.0 191.0
-0.02171 0.07647 0.56066 16.0 12.0 9.0
0.05297 0.09802 0.61056 228.0 219.0 220.0
-0.14397 -0.03401 0.52582 45.0 36.0 29.0
-0.02584 0.03142 0.54167 255.0 251.0 248.0
-0.11255 -0.02239 0.53012 60.0 45.0 38.0
-0.02605 0.03114 0.54194 243.0 238.0 235.0
0.05181 0.00903 0.60772 235.0 234.0 230.0
0.12354 0.11407 0.66095 152.0 135.0 125.0
0.01546 0.05899 0.57912 36.0 35.0 33.0
-0.0125 -0.02058 0.57345 53.0 49.0 48.0
0.07113 0.11979 0.62615 209.0 204.0 208.0
-0.13154 -0.02995 0.52513 30.0 21.0 16.0
-0.12054 -0.02972 0.5254 57.0 73.0 89.0
0.06288 0.02406 0.61339 204.0 193.0 189.0
-0.15057 -0.03967 0.52529 54.0 63.0 80.0
0.14779 0.1173 0.67854 33.0 22.0 18.0
-0.12433 -0.02976 0.52619 42.0 46.0 55.0
-0.19337 0.03721 0.52007 234.0 234.0 234.0
0.13066 0.09095 0.66599 79.0 78.0 76.0
0.04439 0.09599 0.60411 229.0 224.0 221.0
-0.007 -0.02597 0.57972 250.0 250.0 250.0
0.07914 0.07301 0.62635 141.0 135.0 139.0
-0.18867 -0.0546 0.53902 42.0 31.0 27.0
0.02661 0.00281 0.58447 244.0 234.0 233.0
0.13084 0.09099 0.66591 77.0 74.0 69.0
-0.12944 -0.02827 0.52618 31.0 23.0 21.0
-0.13184 -0.03029 0.52566 34.0 23.0 17.0
-0.14251 -0.03397 0.52535 31.0 26.0 22.0
0.05786 0.01944 0.61092 255.0 248.0 246.0
0.02761 0.08776 0.59136 48.0 35.0 27.0
-0.12337 -0.03045 0.52555 35.0 42.0 52.0
0.05329 0.08017 0.60827 252.0 249.0 244.0
-0.12972 -0.0285 0.52617 20.0 16.0 15.0
-0.12316 -0.03019 0.52516 41.0 45.0 57.0
0.14372 0.11964 0.67601 190.0 180.0 168.0
0.06213 0.02355 0.61389 214.0 211.0 206.0
0.05111 0.01616 0.60642 6.0 10.0 13.0
0.05411 0.02226 0.6081 207.0 201.0 201.0
0.11831 0.08789 0.6556 61.0 60.0 56.0
0.01497 0.0587 0.57948 41.0 40.0 38.0
0.02677 0.00234 0.58442 239.0 229.0 228.0
-0.05175 0.11843 0.54517 6.0 1.0 5.0
0.04701 -0.01208 0.60489 178.0 173.0 169.0
-0.10582 -0.03256 0.52951 14.0 10.0 11.0
0.02757 0.08769 0.5914 37.0 23.0 20.0
0.07852 0.10627 0.62908 33.0 21.0 25.0
0.05952 0.01433 0.61318 200.0 205.0 208.0
-0.19409 -0.05701 0.54154 255.0 249.0 251.0
-0.02324 0.07766 0.56038 243.0 234.0 229.0
0.14609 0.13734 0.67806 209.0 199.0 200.0
-0.13587 -0.04108 0.52028 12.0 10.0 11.0
0.08223 0.125 0.6344 45.0 44.0 42.0
0.00733 -0.0243 0.58971 238.0 227.0 231.0
0.0529 0.06909 0.60659 26.0 26.0 24.0
-0.19879 -0.06367 0.54228 58.0 81.0 95.0
-0.0142 0.07338 0.56237 28.0 23.0 20.0
0.04057 0.09493 0.6019 242.0 234.0 231.0
-0.01153 0.07563 0.56619 28.0 23.0 20.0
-0.15484 -0.04066 0.5249 71.0 92.0 123.0
0.0468 0.01148 0.6033 244.0 239.0 236.0
-0.11172 -0.02312 0.53023 37.0 27.0 25.0
-0.16674 -0.04572 0.52977 65.0 52.0 46.0
-0.16029 -0.04118 0.52853 243.0 233.0 232.0
-0.15261 -0.04004 0.52521 69.0 88.0 120.0
-0.16773 -0.04602 0.52942 48.0 35.0 29.0
0.05632 0.02471 0.60982 11.0 9.0 12.0
-0.16062 -0.0415 0.52911 243.0 233.0 232.0
0.05511 0.06621 0.60849 217.0 209.0 207.0
0.14322 0.11899 0.67568 165.0 170.0 163.0
0.14809 0.10399 0.67808 255.0 238.0 234.0
0.08025 0.08996 0.6288 25.0 25.0 25.0
-0.1199 0.0758 0.53966 5.0 6.0 1.0
0.00201 0.05447 0.56917 37.0 35.0 36.0
0.04624 0.01012 0.60325 229.0 218.0 216.0
0.00302 0.05438 0.56968 29.0 31.0 30.0
-0.01627 -0.02646 0.57249 63.0 60.0 67.0
-0.20051 -0.11633 0.55289 59.0 50.0 43.0
0.02647 0.0014 0.58469 240.0 232.0 230.0
-0.20604 -0.11859 0.55936 54.0 52.0 57.0
-0.20458 -0.11747 0.55649 40.0 44.0 47.0
0.05373 0.06979 0.6077 47.0 46.0 44.0
0.01957 0.05919 0.58156 219.0 205.0 202.0
-0.16869 -0.04744 0.53069 44.0 33.0 31.0
0.11325 0.12963 0.65552 234.0 226.0 223.0
-0.11133 -0.02475 0.52992 36.0 26.0 24.0
0.11337 0.12955 0.65549 244.0 235.0 236.0
0.07644 0.07506 0.62436 33.0 28.0 32.0
0.15716 0.13181 0.68608 229.0 217.0 217.0
-0.12445 -0.03218 0.52535 31.0 38.0 46.0
0.00715 0.05585 0.57216 34.0 34.0 34.0
0.15366 0.12293 0.68318 178.0 198.0 197.0
-0.14819 -0.03591 0.52628 249.0 245.0 246.0
-0.00718 0.0638 0.56456 242.0 234.0 232.0
0.02435 0.09018 0.58998 223.0 215.0 212.0
-0.11556 -0.02276 0.52957 155.0 159.0 144.0
0.00709 0.05644 0.57238 47.0 47.0 47.0
-0.00716 0.06377 0.56456 242.0 234.0 232.0
-0.01696 0.08233 0.5644 175.0 89.0 74.0
0.04106 0.11656 0.60685 220.0 196.0 170.0
0.11479 0.12984 0.65654 199.0 191.0 189.0
0.05491 0.01641 0.60911 243.0 235.0 233.0
0.05195 0.09372 0.609 19.0 14.0 11.0
-0.16055 -0.04629 0.52631 249.0 233.0 234.0
0.05437 0.08974 0.61047 246.0 238.0 236.0
0.05202 0.07768 0.60717 206.0 200.0 204.0
0.05473 0.07052 0.60911 71.0 70.0 68.0
0.08077 0.11845 0.63271 37.0 22.0 25.0
0.00959 0.05365 0.57363 242.0 237.0 234.0
0.05033 0.07019 0.60543 225.0 219.0 219.0
-0.11956 0.07325 0.53853 199.0 172.0 145.0
0.04821 0.00729 0.60474 137.0 115.0 104.0
-0.1543 -0.0331 0.52965 196.0 182.0 173.0
0.05536 0.06635 0.60833 216.0 204.0 204.0
-0.11076 -0.02439 0.52924 42.0 33.0 28.0
-0.20493 -0.11775 0.55718 15.0 15.0 15.0
0.05684 0.01453 0.611 23.0 15.0 12.0
-0.12607 -0.02814 0.52647 242.0 232.0 231.0
0.11499 0.12992 0.65646 227.0 223.0 224.0
-0.1179 -0.02223 0.52936 242.0 239.0 234.0
0.15317 0.12366 0.68306 254.0 254.0 254.0
-0.02068 0.08109 0.56269 102.0 88.0 87.0
-0.16389 -0.01176 0.53231 85.0 75.0 76.0
-0.07227 -0.03418 0.54427 71.0 65.0 67.0
0.00128 0.05456 0.56888 49.0 51.0 48.0
0.04809 0.09866 0.60742 37.0 18.0 14.0
-0.05197 0.11712 0.54475 36.0 22.0 19.0
-0.13029 0.07002 0.53867 68.0 97.0 93.0
-0.14782 -0.04169 0.52374 233.0 204.0 208.0
-0.06692 -0.03076 0.54654 142.0 133.0 126.0
-0.12012 -0.02117 0.53034 144.0 132.0 118.0
0.12454 0.09001 0.66139 88.0 71.0 64.0
0.02198 0.08781 0.58901 72.0 74.0 61.0
0.04421 0.11555 0.60875 40.0 37.0 32.0
0.11837 0.11624 0.65799 144.0 69.0 50.0
-0.14719 -0.03515 0.52612 237.0 227.0 226.0
-0.16918 0.00214 0.53911 191.0 181.0 171.0
0.05746 0.11634 0.61678 216.0 207.0 208.0
0.10821 0.10996 0.65028 13.0 11.0 12.0
-0.13416 -0.0031 0.5284 161.0 152.0 147.0
-0.02699 -0.02527 0.56676 52.0 53.0 58.0
-0.023 -0.02479 0.56582 55.0 50.0 46.0
-0.118 -0.03367 0.52621 30.0 39.0 48.0
-0.13755 -0.05135 0.51716 18.0 8.0 7.0
0.14476 0.13693 0.67755 238.0 227.0 223.0
-0.13986 -0.03227 0.52535 31.0 26.0 22.0
-0.1522 -0.04041 0.52569 69.0 88.0 120.0
-0.00413 0.06048 0.5657 101.0 110.0 117.0
0.05645 0.11576 0.61652 183.0 172.0 168.0
-0.13468 -0.00356 0.52866 191.0 181.0 179.0
0.02098 0.00653 0.57919 238.0 234.0 233.0
-0.13468 -0.03011 0.52642 51.0 37.0 34.0
0.00863 0.07111 0.57627 90.0 89.0 94.0
-0.13799 -0.05151 0.51718 15.0 10.0 6.0
-0.11511 -0.02191 0.53006 240.0 236.0 235.0
0.09818 0.1275 0.64946 43.0 43.0 43.0
0.13634 0.10512 0.66994 60.0 60.0 60.0
0.08494 0.08901 0.63199 85.0 83.0 86.0
0.03006 0.0003 0.58778 240.0 232.0 229.0
0.1453 0.10059 0.67612 27.0 16.0 14.0
-0.14177 -0.05187 0.51777 13.0 8.0 5.0
0.14119 0.13767 0.6756 253.0 253.0 253.0
0.15211 0.11468 0.68142 246.0 254.0 255.0
0.0151 0.05505 0.57793 200.0 191.0 192.0
0.06663 0.09826 0.62016 45.0 38.0 45.0
-0.12247 0.0619 0.53418 76.0 41.0 37.0
0.05105 0.09568 0.60887 18.0 12.0 12.0
-0.15366 -0.04855 0.52175 55.0 71.0 104.0
0.1488 0.09635 0.67857 28.0 18.0 17.0
0.05728 0.0921 0.61245 69.0 79.0 81.0
0.01849 0.08728 0.5868 218.0 207.0 201.0
-0.1183 0.07616 0.5399 8.0 8.0 6.0
-0.02153 0.0808 0.56198 122.0 108.0 108.0
-0.15619 -0.00934 0.531 71.0 66.0 63.0
-0.15981 -0.0482 0.52543 77.0 83.0 105.0
0.01881 0.06861 0.58324 60.0 65.0 69.0
0.13607 0.12773 0.67165 131.0 69.0 58.0
-0.164 -0.01207 0.53281 81.0 72.0 77.0
0.12731 0.10988 0.66292 60.0 58.0 61.0
0.12539 0.132 0.66476 241.0 233.0 230.0
0.12142 0.08827 0.65859 77.0 71.0 73.0
0.08449 0.07823 0.63092 51.0 55.0 54.0
0.11869 0.09586 0.65625 115.0 114.0 120.0
-0.02169 0.0806 0.56216 124.0 105.0 107.0
-0.15586 -0.00898 0.53043 73.0 67.0 69.0
0.13758 0.1048 0.67086 53.0 39.0 39.0
0.05163 0.09839 0.60942 182.0 178.0 179.0
-0.09585 -0.0317 0.53506 10.0 6.0 5.0
0.00449 -0.02385 0.58774 45.0 35.0 26.0
0.08232 0.12524 0.63549 19.0 20.0 22.0
0.13581 0.1052 0.66987 62.0 60.0 61.0
0.05464 0.00953 0.61022 22.0 17.0 21.0
-0.00016 0.05119 0.5659 243.0 237.0 237.0
0.07558 0.08054 0.62422 157.0 190.0 195.0
0.09286 0.10497 0.63912 56.0 53.0 60.0
0.03683 0.01989 0.59389 17.0 8.0 9.0
-0.12582 0.07156 0.53859 195.0 234.0 231.0
-0.15383 -0.04987 0.52152 26.0 29.0 36.0
0.03555 0.10753 0.60146 62.0 39.0 33.0
0.09508 0.02752 0.63868 18.0 14.0 11.0
0.06126 0.02638 0.61366 21.0 17.0 16.0
0.01906 0.08234 0.58608 55.0 58.0 65.0
-0.05982 -0.02886 0.55109 34.0 29.0 26.0
0.07758 0.08675 0.6261 237.0 228.0 223.0
0.05461 0.01193 0.61074 224.0 205.0 190.0
-0.13135 -0.04968 0.51776 81.0 78.0 95.0
-0.14014 -0.0518 0.51758 16.0 8.0 6.0
0.07517 0.09467 0.62554 43.0 29.0 26.0
-0.00066 -0.02453 0.58438 45.0 41.0 38.0
0.1167 0.12973 0.65752 237.0 244.0 250.0
-0.02811 0.07297 0.55747 14.0 10.0 11.0
0.128 0.1157 0.66405 232.0 222.0 213.0
0.00747 0.08242 0.57859 84.0 81.0 76.0
0.05994 0.1188 0.61871 158.0 128.0 136.0
0.04396 -0.01747 0.60429 36.0 35.0 43.0
0.14355 0.13691 0.67697 217.0 207.0 205.0
0.03652 0.02662 0.59173 33.0 24.0 19.0
0.05497 0.00966 0.61 36.0 34.0 35.0
0.06757 0.07942 0.62085 251.0 241.0 242.0
0.06383 0.07589 0.61543 103.0 103.0 101.0
0.0372 0.01422 0.59364 41.0 28.0 20.0
0.04965 0.00277 0.60672 230.0 194.0 162.0
-0.14041 -0.03319 0.5252 30.0 24.0 24.0
0.00427 0.04939 0.56931 41.0 30.0 28.0
0.00172 0.07562 0.57242 74.0 78.0 79.0
-0.06501 0.03163 0.5367 86.0 76.0 67.0
-0.13119 -0.0494 0.51824 112.0 100.0 104.0
0.0366 0.01358 0.59412 36.0 25.0 21.0
0.0513 0.08476 0.60755 12.0 8.0 9.0
-0.01599 0.08386 0.56518 182.0 86.0 72.0
-0.06497 0.03161 0.5367 86.0 73.0 65.0
-0.1095 -0.02651 0.53002 25.0 17.0 15.0
0.06328 0.09551 0.61614 57.0 56.0 62.0
0.06554 0.07304 0.61629 9.0 9.0 7.0
0.10915 0.11397 0.65119 20.0 16.0 15.0
0.00781 0.01504 0.5671 240.0 232.0 230.0
0.13507 0.09355 0.66915 156.0 171.0 174.0
-0.14278 -0.04644 0.52035 16.0 12.0 13.0
0.05829 0.11375 0.61701 71.0 36.0 30.0
0.00325 0.05233 0.56946 238.0 233.0 230.0
-0.1203 0.07054 0.53713 218.0 140.0 118.0
-0.08397 -0.02875 0.53785 9.0 5.0 4.0
-0.13329 -0.00374 0.52789 201.0 204.0 211.0
0.07883 0.07723 0.62636 48.0 54.0 52.0
-0.15219 -0.03757 0.52692 237.0 227.0 226.0
-0.00403 0.06577 0.56717 178.0 180.0 177.0
-0.08467 -0.03111 0.5412 11.0 6.0 3.0
-0.06568 -0.02212 0.5471 15.0 23.0 26.0
-0.15217 -0.04873 0.52165 37.0 52.0 73.0
-0.02103 -0.02822 0.56861 60.0 50.0 40.0
-0.18066 -0.01105 0.53673 8.0 3.0 0.0
0.12877 0.1327 0.66703 242.0 232.0 231.0
-0.09235 0.02217 0.53267 81.0 71.0 62.0
-0.17848 -0.04293 0.58162 78.0 73.0 80.0
-0.14264 -0.04737 0.51989 13.0 11.0 12.0
0.0264 0.0058 0.58384 13.0 8.0 5.0
-0.14998 0.01141 0.5387 7.0 6.0 4.0
-0.15111 -0.03751 0.52649 248.0 246.0 247.0
0.01924 0.07374 0.58405 93.0 84.0 85.0
0.1794 0.12971 0.69809 103.0 151.0 42.0
0.04867 0.1099 0.61011 174.0 102.0 87.0
-0.02721 0.07984 0.55975 37.0 17.0 16.0
-0.14411 -0.03773 0.52415 39.0 30.0 23.0
-0.0752 0.028 0.53498 84.0 73.0 67.0
0.01129 0.06022 0.57898 89.0 87.0 88.0
-0.02663 0.07907 0.55979 40.0 20.0 19.0
-0.02171 0.04223 0.55147 14.0 12.0 13.0
-0.00836 -0.03324 0.58044 15.0 11.0 10.0
-0.12871 -0.03857 0.52285 9.0 7.0 10.0
0.06771 0.12063 0.62431 49.0 34.0 37.0
0.06839 0.06247 0.61725 13.0 7.0 7.0
0.01808 0.07393 0.58339 91.0 89.0 92.0
-0.16123 -0.04049 0.52894 242.0 233.0 226.0
-0.14418 -0.0387 0.5238 46.0 35.0 29.0
-0.19739 -0.05868 0.5423 237.0 231.0 231.0
-0.11621 0.07616 0.54035 3.0 1.0 2.0
0.13782 0.10193 0.67062 87.0 133.0 131.0
0.02251 0.06394 0.58436 24.0 19.0 16.0
0.06374 0.07748 0.61552 83.0 86.0 91.0
0.09223 0.11795 0.63942 168.0 82.0 67.0
-0.15555 -0.04812 0.52296 255.0 255.0 253.0
0.07214 0.11087 0.62537 170.0 78.0 63.0
-0.13457 -0.0526 0.51652 109.0 105.0 104.0
0.1083 0.12397 0.65237 174.0 79.0 57.0
0.03336 -0.00203 0.59093 233.0 225.0 222.0
-0.13573 -0.02955 0.52564 68.0 51.0 43.0
-0.00206 0.05792 0.58191 126.0 127.0 129.0
0.01785 0.07383 0.58353 92.0 90.0 93.0
-0.0155 0.08351 0.56528 125.0 65.0 54.0
0.10356 0.17811 0.62562 53.0 80.0 11.0
-0.00584 0.04929 0.56266 230.0 221.0 222.0
0.05994 0.02791 0.61232 89.0 63.0 46.0
-0.11038 0.0072 0.55369 73.0 63.0 61.0
0.13876 0.1013 0.67136 202.0 197.0 191.0
0.13761 0.1018 0.67072 101.0 72.0 66.0
0.0619 0.08015 0.6152 89.0 84.0 90.0
0.08509 0.07216 0.63129 12.0 12.0 10.0
0.01401 0.08978 0.58424 65.0 36.0 28.0
0.00505 0.05684 0.57121 25.0 15.0 13.0
-0.1292 0.06551 0.53635 213.0 142.0 112.0
0.10213 0.11412 0.64631 172.0 91.0 70.0
0.13129 0.10721 0.66596 225.0 236.0 240.0
0.00532 0.05355 0.57056 223.0 212.0 208.0
0.1287 0.08609 0.6633 224.0 215.0 210.0
-0.12884 -0.03441 0.52441 31.0 23.0 21.0
0.05338 0.11752 0.61511 12.0 9.0 0.0
-0.12952 0.05892 0.53291 240.0 148.0 125.0
-0.12985 -0.04765 0.51931 18.0 10.0 7.0
0.01027 0.08433 0.58035 205.0 197.0 194.0
0.15133 0.12714 0.68221 130.0 59.0 39.0
-0.16282 0.01824 0.54386 18.0 8.0 9.0
-0.1313 -0.04868 0.52137 20.0 12.0 9.0
0.03705 0.09584 0.59976 135.0 79.0 62.0
-0.13547 -0.04137 0.52137 16.0 12.0 13.0
-0.15972 -0.01313 0.5304 166.0 155.0 151.0
-0.13963 -0.03483 0.52441 13.0 12.0 8.0
0.10039 0.18056 0.62377 195.0 191.0 192.0
0.055 0.07857 0.60854 113.0 111.0 112.0
0.07279 0.10028 0.62388 49.0 36.0 28.0
0.05851 0.1128 0.61653 80.0 39.0 37.0
0.0072 0.08582 0.57937 240.0 234.0 234.0
-0.07917 -0.02907 0.54447 7.0 3.0 0.0
0.12945 0.08721 0.66435 237.0 228.0 223.0
0.05302 0.00567 0.60888 54.0 48.0 48.0
-0.12212 0.06763 0.53573 85.0 84.0 66.0
0.03883 0.09251 0.6002 26.0 17.0 12.0
0.11653 0.08938 0.65458 68.0 69.0 73.0
-0.11977 -0.03108 0.52681 48.0 53.0 72.0
0.00563 0.01618 0.56542 239.0 229.0 230.0
0.12011 0.11893 0.6592 162.0 75.0 55.0
0.07538 0.00848 0.62493 28.0 28.0 18.0
-0.06579 -0.02395 0.54776 21.0 21.0 29.0
0.04797 0.06706 0.60323 23.0 15.0 13.0
-0.1359 -0.02806 0.52659 215.0 194.0 167.0
0.08806 0.11231 0.63718 169.0 86.0 68.0
0.11947 0.11832 0.65952 142.0 62.0 51.0
-0.07546 -0.03549 0.5433 155.0 135.0 128.0
0.12475 0.09132 0.66082 134.0 153.0 159.0
-0.10333 -0.02468 0.53251 16.0 15.0 13.0
-0.11663 0.01298 0.53296 76.0 68.0 65.0
0.16595 0.10118 0.69128 149.0 69.0 58.0
0.07208 0.07322 0.62157 26.0 21.0 17.0
-0.13136 0.03357 0.54056 42.0 28.0 25.0
-0.07716 -0.03672 0.54531 174.0 160.0 151.0
-0.15191 -0.04677 0.52236 69.0 66.0 61.0
-0.1493 -0.04184 0.52402 177.0 144.0 155.0
-0.1366 -0.04125 0.52243 16.0 12.0 13.0
-0.12732 -0.03117 0.52563 183.0 156.0 161.0
-0.15542 -0.04453 0.52487 149.0 168.0 182.0
-0.03157 0.06937 0.55458 9.0 7.0 8.0
0.04845 0.09418 0.6069 23.0 15.0 13.0
0.03287 0.09245 0.59629 241.0 231.0 230.0
0.0058 0.08071 0.5775 112.0 114.0 113.0
0.05922 0.07556 0.61215 115.0 116.0 118.0
-0.15254 -0.00501 0.52909 16.0 11.0 7.0
-0.12885 -0.03359 0.52446 34.0 29.0 26.0
0.04738 0.00355 0.60474 53.0 50.0 45.0
-0.0325 0.02814 0.53678 143.0 154.0 174.0
-0.00238 0.05286 0.56545 27.0 26.0 22.0
0.0489 0.07151 0.60426 16.0 15.0 11.0
-0.16112 0.01474 0.54064 11.0 10.0 8.0
-0.12128 0.06649 0.5367 93.0 77.0 64.0
0.08895 0.11495 0.6374 119.0 64.0 61.0
-0.19858 -0.05855 0.5428 224.0 211.0 203.0
-0.17736 -0.04977 0.53397 45.0 36.0 31.0
0.03586 0.02435 0.59303 66.0 46.0 37.0
-0.00568 0.07922 0.56988 237.0 227.0 225.0
0.01605 0.05285 0.57846 37.0 29.0 27.0
0.14555 0.11187 0.67727 33.0 24.0 25.0
0.051 0.01248 0.60696 2.0 0.0 1.0
0.1125 0.11086 0.65305 31.0 23.0 20.0
-0.08764 -0.02268 0.53703 169.0 150.0 135.0
0.11004 0.12002 0.65278 141.0 69.0 57.0
0.03215 0.15237 0.59058 205.0 180.0 149.0
-0.15079 -0.03695 0.52693 225.0 216.0 211.0
0.05492 0.11921 0.61582 158.0 143.0 114.0
-0.17163 -0.04638 0.53185 42.0 35.0 29.0
-0.17202 -0.04603 0.53245 54.0 44.0 42.0
0.07712 0.09571 0.62554 16.0 12.0 11.0
-0.11428 0.07699 0.53995 190.0 171.0 156.0
-0.02991 0.04318 0.54685 17.0 12.0 9.0
0.02743 0.10572 0.59603 122.0 67.0 60.0
0.11132 0.09033 0.6514 8.0 4.0 5.0
0.04775 0.00515 0.60482 34.0 33.0 31.0
-0.01076 0.05886 0.56075 27.0 22.0 19.0
-0.1926 -0.1126 0.54354 237.0 231.0 231.0
0.02462 0.07481 0.58751 46.0 35.0 29.0
0.04317 0.00658 0.60102 21.0 15.0 15.0
0.003 0.06546 0.57207 108.0 117.0 126.0
0.07059 0.07134 0.61997 20.0 15.0 12.0
0.10362 0.17531 0.62564 42.0 71.0 4.0
0.05416 0.05243 0.60712 55.0 38.0 31.0
0.13427 0.09988 0.66854 79.0 80.0 75.0
0.03191 0.15213 0.59076 244.0 218.0 185.0
-0.09604 -0.02188 0.53616 162.0 146.0 133.0
-0.20264 -0.11395 0.55394 39.0 44.0 50.0
-0.00289 0.06589 0.56731 163.0 165.0 162.0
0.12511 0.10239 0.66126 62.0 60.0 63.0
0.04765 0.00502 0.60489 111.0 133.0 144.0
0.00419 0.06977 0.5738 87.0 85.0 88.0
-0.0322 0.06837 0.55393 7.0 5.0 8.0
-0.13049 -0.00286 0.52847 24.0 40.0 39.0
0.03352 0.00054 0.59072 38.0 29.0 32.0
-0.19428 -0.06321 0.54114 190.0 201.0 193.0
0.04801 0.07128 0.60387 12.0 11.0 9.0
0.10693 0.1166 0.64935 128.0 68.0 60.0
-0.15267 -0.04315 0.52441 142.0 151.0 156.0
0.02156 0.0703 0.58452 221.0 211.0 209.0
-0.14603 -0.03626 0.52518 241.0 233.0 231.0
0.14276 0.11443 0.67503 245.0 231.0 230.0
0.01565 0.06777 0.58095 108.0 107.0 112.0
-0.16508 -0.05589 0.524 11.0 9.0 10.0
0.12374 0.18029 0.63932 37.0 61.0 11.0
0.07001 0.07137 0.61974 13.0 11.0 12.0
0.08411 0.07022 0.63025 12.0 11.0 9.0
0.18165 0.13554 0.69961 128.0 92.0 44.0
0.00667 0.0851 0.57895 220.0 210.0 201.0
0.04367 0.09291 0.60358 11.0 7.0 8.0
0.11921 0.09508 0.65654 147.0 154.0 147.0
0.11697 0.1806 0.63549 52.0 81.0 17.0
0.02029 0.08869 0.58798 210.0 196.0 193.0
-0.16127 0.02035 0.54214 13.0 3.0 2.0
0.0531 0.10252 0.61209 107.0 59.0 55.0
0.01624 0.06662 0.58123 102.0 100.0 105.0
0.14142 0.13144 0.67536 111.0 57.0 47.0
0.01646 0.07311 0.58254 90.0 90.0 92.0
-0.13406 0.07084 0.5385 216.0 192.0 144.0
0.01034 0.0574 0.57519 29.0 31.0 30.0
-0.15537 -0.04393 0.52481 166.0 176.0 188.0
-0.02203 0.06236 0.55596 14.0 10.0 11.0
-0.01212 0.05816 0.56053 35.0 27.0 24.0
0.04765 0.07313 0.6041 32.0 22.0 20.0
0.00855 0.0498 0.57246 20.0 14.0 14.0
0.05328 0.11102 0.61302 158.0 79.0 64.0
0.06614 0.10689 0.62096 144.0 72.0 57.0
0.01516 0.0632 0.57973 91.0 86.0 90.0
0.0694 0.09939 0.62206 165.0 166.0 170.0
-0.02543 0.02828 0.54133 245.0 239.0 239.0
0.04839 0.10287 0.60893 62.0 31.0 28.0
0.06372 0.10332 0.61862 83.0 40.0 31.0
-0.01311 -0.0187 0.57292 120.0 98.0 84.0
0.05054 0.10005 0.60945 48.0 18.0 16.0
0.01093 -0.02239 0.59185 30.0 24.0 24.0
-0.1277 0.06603 0.53757 126.0 99.0 88.0
0.03773 0.11565 0.60486 196.0 175.0 146.0
0.08585 0.09886 0.63339 103.0 113.0 114.0
0.03283 -0.00529 0.59086 202.0 192.0 191.0
0.08049 0.01428 0.62841 45.0 37.0 26.0
-0.02477 0.04592 0.54982 12.0 8.0 7.0
-0.13223 -0.00051 0.52939 47.0 35.0 21.0
0.12166 0.1846 0.63892 189.0 182.0 172.0
-0.10266 0.08585 0.54182 234.0 210.0 186.0
-0.13676 -0.04374 0.52056 12.0 10.0 11.0
-0.1361 -0.02733 0.52725 170.0 155.0 134.0
-0.01224 0.0567 0.5601 33.0 25.0 22.0
-0.13653 -0.04623 0.5199 14.0 10.0 9.0
-0.08898 -0.02343 0.53847 160.0 143.0 133.0
-0.0318 0.04387 0.54625 12.0 8.0 7.0
0.06879 0.04914 0.61844 68.0 50.0 38.0
-0.11458 0.03548 0.54284 5.0 3.0 6.0
-0.09751 -0.02502 0.5353 88.0 66.0 52.0
0.04056 0.09075 0.60037 17.0 13.0 12.0
-0.15301 -0.03845 0.52677 245.0 234.0 238.0
0.10137 0.18175 0.62501 191.0 180.0 176.0
-0.0949 -0.02243 0.53635 112.0 105.0 99.0
0.0407 0.0909 0.60026 17.0 13.0 12.0
0.0592 0.06324 0.6104 23.0 18.0 14.0
0.04517 0.10653 0.60727 150.0 73.0 63.0
-0.08019 -0.02886 0.54389 27.0 22.0 18.0
-0.00905 0.04411 0.55893 57.0 46.0 42.0
0.05347 0.11002 0.61313 167.0 97.0 97.0
-0.16039 -0.05753 0.52139 71.0 65.0 69.0
0.05934 0.12241 0.61995 225.0 183.0 123.0
0.08059 0.07969 0.62878 96.0 100.0 99.0
0.10182 0.12851 0.64795 42.0 40.0 54.0
-0.14072 -0.04161 0.52223 7.0 4.0 11.0
0.00991 0.08618 0.58068 216.0 209.0 199.0
0.02012 0.14402 0.58287 204.0 177.0 148.0
0.02094 0.06702 0.58386 231.0 226.0 223.0
-0.11238 -0.02704 0.52886 39.0 29.0 27.0
0.10669 0.0779 0.64718 59.0 45.0 34.0
0.05793 0.03871 0.61007 65.0 51.0 42.0
-0.11234 -0.03363 0.52749 9.0 7.0 10.0
-0.13862 -0.03595 0.52347 65.0 54.0 60.0
0.04116 0.02584 0.59723 56.0 39.0 31.0
-0.15402 -0.0413 0.52578 61.0 88.0 115.0
-0.02312 0.0629 0.55501 12.0 8.0 9.0
0.06783 0.1052 0.62191 99.0 42.0 31.0
0.14849 0.12454 0.68045 152.0 65.0 46.0
-0.11278 -0.02742 0.52946 34.0 29.0 26.0
0.151 0.12066 0.67744 136.0 61.0 40.0
0.04653 -0.01933 0.60648 148.0 135.0 129.0
-0.19098 -0.05752 0.53935 241.0 229.0 229.0
-0.0645 0.05912 0.5477 38.0 39.0 43.0
0.04602 0.01909 0.60163 19.0 13.0 15.0
0.04135 -0.01339 0.60023 78.0 76.0 81.0
0.06584 0.08516 0.6176 89.0 89.0 89.0
0.04684 0.10315 0.60745 100.0 52.0 42.0
0.08049 0.0814 0.62766 95.0 99.0 98.0
-0.06332 -0.02313 0.5483 65.0 68.0 83.0
0.13558 0.09947 0.66981 93.0 74.0 70.0
-0.07447 0.05515 0.54644 68.0 67.0 73.0
0.00034 -0.03176 0.58702 156.0 167.0 169.0
0.15762 0.10096 0.68617 136.0 64.0 52.0
-0.13402 -0.04111 0.52095 11.0 9.0 10.0
0.11379 0.10178 0.65476 34.0 25.0 20.0
-0.00307 0.0564 0.56572 117.0 122.0 128.0
-0.14817 -0.0517 0.51988 76.0 67.0 68.0
-0.13242 -0.02866 0.52719 35.0 27.0 24.0
-0.17844 0.00123 0.53879 15.0 11.0 10.0
-0.12776 -0.04506 0.52171 67.0 57.0 55.0
0.07446 0.08875 0.62367 19.0 10.0 11.0
-0.161 0.01591 0.5325 255.0 236.0 238.0
0.17288 0.13097 0.69411 8.0 10.0 5.0
0.01615 0.06656 0.5813 102.0 100.0 105.0
0.06025 0.01207 0.61412 10.0 8.0 9.0
-0.02677 0.04291 0.54805 58.0 62.0 63.0
-0.18792 -0.06787 0.53575 9.0 7.0 8.0
-0.14771 -0.05263 0.5191 39.0 37.0 40.0
0.19189 0.10098 0.6933 25.0 27.0 26.0
-0.05567 0.02047 0.53165 14.0 23.0 30.0
0.05395 0.03346 0.60679 42.0 34.0 23.0
-0.0787 0.0509 0.54411 8.0 4.0 5.0
-0.13613 -0.0454 0.52013 15.0 11.0 10.0
0.05906 0.10576 0.61601 142.0 70.0 56.0
-0.14715 -0.04115 0.5252 223.0 219.0 216.0
0.18918 0.08873 0.69111 126.0 104.0 91.0
-0.15539 -0.0389 0.52688 240.0 229.0 227.0
-0.1096 -0.03823 0.52769 14.0 8.0 8.0
-0.0117 0.06491 0.56255 23.0 18.0 15.0
0.08904 0.06252 0.63378 73.0 55.0 45.0
-0.11279 -0.03202 0.52757 14.0 10.0 11.0
-0.1168 -0.03957 0.52555 38.0 34.0 31.0
0.11275 0.13191 0.65598 93.0 106.0 88.0
-0.1294 0.06349 0.53497 102.0 63.0 66.0
-0.12854 0.00339 0.53127 12.0 7.0 3.0
0.08657 0.08609 0.63214 35.0 39.0 40.0
-0.16411 -0.05005 0.52658 37.0 29.0 26.0
-0.14069 -0.0422 0.52194 9.0 7.0 10.0
0.02501 0.06194 0.58486 25.0 21.0 20.0
0.19646 0.11516 0.69744 93.0 83.0 84.0
0.04193 0.09154 0.60174 6.0 4.0 5.0
0.04986 0.00127 0.60668 36.0 32.0 33.0
-0.18535 -0.07195 0.53353 14.0 9.0 6.0
-0.1104 -0.03724 0.52766 13.0 9.0 8.0
0.00658 0.01199 0.56594 190.0 182.0 179.0
-0.12124 -0.02683 0.5278 26.0 53.0 62.0
-0.0954 -0.02657 0.53577 12.0 10.0 11.0
-0.1947 -0.07487 0.54017 69.0 64.0 60.0
-0.11044 -0.03238 0.5284 10.0 8.0 9.0
0.01765 0.06732 0.58196 137.0 136.0 134.0
0.03363 0.01602 0.59195 95.0 74.0 55.0
0.07409 0.06668 0.62229 10.0 8.0 9.0
0.0079 0.06813 0.56073 103.0 106.0 111.0
-0.11877 0.06891 0.53723 189.0 123.0 107.0
0.07087 0.10562 0.62419 118.0 56.0 43.0
0.0219 0.14383 0.5836 244.0 239.0 220.0
-0.11516 -0.02731 0.52855 233.0 224.0 225.0
0.02567 0.06333 0.58634 29.0 19.0 17.0
-0.13567 -0.04555 0.52021 16.0 12.0 11.0
0.04367 0.01554 0.60059 42.0 29.0 23.0
-0.18462 -0.04979 0.53786 155.0 138.0 120.0
0.16077 0.12865 0.68785 141.0 59.0 45.0
-0.15272 -0.08278 0.52834 243.0 245.0 244.0
-0.09344 -0.0262 0.53667 14.0 9.0 13.0
-0.18045 -0.04779 0.53607 196.0 179.0 159.0
-0.1209 -0.02368 0.52898 241.0 231.0 229.0
0.03675 0.09749 0.60016 150.0 70.0 59.0
-0.18355 -0.07016 0.52985 17.0 11.0 11.0
-0.17011 -0.04616 0.53065 48.0 39.0 34.0
-0.14109 -0.04278 0.52131 15.0 11.0 10.0
-0.01802 -0.01876 0.56906 79.0 83.0 95.0
-0.1533 -0.04061 0.52584 69.0 96.0 123.0
-0.1712 -0.04676 0.53146 44.0 35.0 28.0
-0.10599 -0.02418 0.53158 37.0 29.0 26.0
0.05463 0.07411 0.60943 153.0 158.0 154.0
0.01385 0.05047 0.57651 14.0 10.0 11.0
-0.16922 -0.01758 0.5325 162.0 143.0 136.0
-0.08987 0.10423 0.54 247.0 225.0 202.0
0.07383 0.08817 0.62408 14.0 8.0 10.0
0.01998 0.00085 0.57901 168.0 166.0 171.0
0.14529 0.11158 0.67739 24.0 17.0 11.0
0.04926 0.07888 0.60492 25.0 19.0 19.0
0.00512 0.04813 0.57032 28.0 27.0 25.0
0.11292 0.07602 0.65161 45.0 30.0 23.0
-0.03552 -0.02148 0.56061 70.0 70.0 82.0
0.03523 -0.00166 0.59284 241.0 235.0 237.0
-0.0017 0.04484 0.56372 50.0 40.0 31.0
-0.12642 -0.04342 0.52178 42.0 39.0 34.0
0.05631 0.11446 0.61555 158.0 154.0 145.0
0.00433 0.01123 0.56433 174.0 175.0 177.0
0.03982 -0.00617 0.60067 242.0 241.0 239.0
-0.21441 -0.12106 0.56592 28.0 28.0 28.0
0.0947 0.17818 0.62008 188.0 184.0 173.0
-0.09659 -0.02073 0.53694 187.0 165.0 152.0
0.05689 0.07815 0.60979 72.0 80.0 83.0
-0.18543 -0.0658 0.53409 12.0 8.0 9.0
0.08196 0.04278 0.62892 58.0 45.0 36.0
-0.09573 -0.02677 0.53615 8.0 8.0 8.0
-0.0936 -0.02637 0.5369 16.0 12.0 13.0
0.08264 0.04965 0.62919 72.0 50.0 37.0
-0.18368 -0.06539 0.53301 8.0 6.0 9.0
0.02034 0.00096 0.57873 148.0 150.0 163.0
0.08847 0.02209 0.63393 38.0 31.0 21.0
-0.02484 0.02427 0.54112 161.0 147.0 136.0
-0.08051 -0.02055 0.53968 159.0 147.0 133.0
0.04317 0.10431 0.60551 37.0 22.0 17.0
0.05018 0.06094 0.60408 7.0 5.0 6.0
-0.21958 -0.13093 0.57438 255.0 254.0 255.0
0.07402 0.08348 0.62348 36.0 32.0 29.0
-0.11624 -0.0284 0.52797 207.0 210.0 189.0
0.00835 0.07504 0.57664 218.0 203.0 200.0
-0.12662 -0.00593 0.52808 71.0 56.0 49.0
-0.111 -0.01994 0.53125 211.0 207.0 196.0
-0.20833 -0.08747 0.54052 154.0 144.0 143.0
-0.1224 0.06474 0.53478 44.0 38.0 42.0
-0.14004 -0.0358 0.5239 50.0 37.0 29.0
0.14724 0.17021 0.67635 94.0 145.0 86.0
-0.03531 0.03166 0.53923 93.0 77.0 62.0
-0.19655 -0.11537 0.54841 237.0 228.0 229.0
-0.14392 -0.04438 0.52136 10.0 10.0 10.0
-0.16917 -0.0579 0.52589 10.0 6.0 7.0
-0.02512 -0.01665 0.56403 29.0 30.0 35.0
0.14909 0.10277 0.679 161.0 89.0 77.0
-0.08076 -0.02084 0.54005 158.0 138.0 127.0
0.05104 0.15133 0.59766 69.0 90.0 71.0
0.03671 -0.0197 0.60141 130.0 136.0 132.0
0.0034 0.07663 0.575 88.0 88.0 96.0
-0.16031 -0.00734 0.53345 16.0 11.0 7.0
-0.08962 0.10451 0.53971 227.0 206.0 177.0
0.03598 0.09102 0.59844 23.0 18.0 15.0
-0.09471 -0.02686 0.53605 9.0 7.0 8.0
0.17916 0.13857 0.6983 45.0 42.0 9.0
0.12565 0.09035 0.66134 186.0 138.0 124.0
0.12918 0.18232 0.64336 44.0 66.0 1.0
-0.01598 0.08649 0.56635 176.0 80.0 66.0
-0.16883 -0.01693 0.53259 169.0 156.0 148.0
-0.21099 -0.11834 0.5589 30.0 31.0 33.0
-0.15622 -0.01221 0.53007 160.0 150.0 140.0
0.02583 0.08224 0.58938 35.0 30.0 26.0
0.1807 0.13428 0.69869 58.0 31.0 12.0
-0.02482 -0.01708 0.56399 21.0 24.0 31.0
-0.1113 -0.03867 0.52711 16.0 11.0 8.0
-0.19077 -0.06776 0.49224 163.0 153.0 152.0
0.07906 -0.04691 0.62295 96.0 152.0 227.0
0.13744 0.13091 0.63029 134.0 57.0 49.0
-0.07794 -0.03561 0.54077 163.0 144.0 130.0
-0.00727 -0.02056 0.57768 117.0 110.0 104.0
0.01329 0.05001 0.57698 12.0 8.0 7.0
0.05074 0.06118 0.60373 19.0 10.0 11.0
-0.21253 -0.12122 0.55414 46.0 37.0 28.0
0.08704 0.09695 0.63364 76.0 76.0 76.0
0.0369 0.07485 0.59627 35.0 26.0 21.0
-0.15104 -0.0101 0.5296 164.0 151.0 145.0
0.00431 0.08551 0.57713 239.0 231.0 229.0
-0.16801 -0.04409 0.53099 47.0 38.0 33.0
-0.19713 -0.08643 0.54627 157.0 146.0 144.0
0.15124 0.10717 0.68021 56.0 46.0 44.0
-0.03391 -0.02293 0.5621 37.0 40.0 45.0
0.03199 0.09941 0.59713 138.0 72.0 60.0
0.00482 0.082 0.5769 173.0 163.0 161.0
-0.20879 -0.11829 0.54631 47.0 38.0 31.0
0.10881 0.0832 0.64898 46.0 37.0 32.0
-0.1985 -0.11678 0.55213 238.0 229.0 230.0
0.05011 0.07511 0.60558 41.0 33.0 22.0
-0.03465 -0.00834 0.53022 27.0 31.0 40.0
0.01617 0.0064 0.57436 209.0 203.0 203.0
-0.02074 0.05998 0.55571 53.0 42.0 36.0
-0.138 -0.02853 0.52622 201.0 179.0 158.0
0.07999 0.0792 0.62734 97.0 93.0 90.0
-0.01194 -0.04095 0.58007 126.0 161.0 215.0
-0.03779 0.04259 0.54355 20.0 15.0 12.0
-0.06402 0.04567 0.54284 93.0 84.0 87.0
-0.02088 0.04548 0.55163 54.0 45.0 38.0
0.11259 0.12451 0.65487 58.0 34.0 30.0
0.0226 -0.02257 0.59145 124.0 173.0 239.0
0.07552 0.11491 0.62816 110.0 53.0 44.0
0.07123 0.07944 0.62141 26.0 18.0 16.0
0.13443 0.10708 0.66906 109.0 121.0 121.0
0.06082 0.10479 0.61721 125.0 61.0 52.0
-0.09969 -0.02261 0.53461 154.0 129.0 98.0
0.05874 0.06288 0.61144 15.0 11.0 8.0
-0.09544 -0.02856 0.53618 11.0 9.0 10.0
0.0073 0.01023 0.56685 76.0 76.0 74.0
-0.12902 -0.05087 0.51851 144.0 133.0 137.0
0.03191 -0.00888 0.59136 154.0 146.0 133.0
-0.0574 0.00444 0.54708 150.0 128.0 115.0
0.04091 0.03299 0.59662 92.0 69.0 53.0
0.11615 0.11884 0.65621 153.0 66.0 46.0
-0.1823 -0.04768 0.53628 189.0 173.0 160.0
0.1459 0.14144 0.67863 233.0 205.0 181.0
-0.18633 -0.07341 0.53344 15.0 7.0 5.0
0.03154 0.0983 0.59658 172.0 86.0 73.0
-0.1963 -0.07049 0.54111 53.0 91.0 130.0
0.03741 -0.02225 0.60281 122.0 170.0 234.0
-0.14086 -0.05502 0.51439 153.0 144.0 139.0
-0.11679 -0.02632 0.5281 169.0 142.0 159.0
0.07267 0.05075 0.62112 67.0 44.0 38.0
0.01567 0.09712 0.58508 193.0 105.0 91.0
-0.12652 -0.06756 0.53024 176.0 153.0 145.0
0.08971 0.05392 0.63445 5.0 4.0 2.0
-0.09762 -0.02645 0.53481 13.0 11.0 14.0
0.05732 0.10414 0.61402 129.0 55.0 42.0
-0.16613 0.01416 0.54158 113.0 84.0 78.0
0.07018 0.04797 0.61943 8.0 2.0 2.0
0.01926 0.0023 0.57832 101.0 99.0 102.0
0.16897 0.10734 0.68149 149.0 67.0 56.0
-0.1392 -0.04752 0.51991 65.0 55.0 54.0
0.07038 0.08382 0.61992 58.0 44.0 43.0
-0.21623 -0.12412 0.56191 22.0 21.0 17.0
-0.01698 -0.01813 0.5695 52.0 50.0 63.0
-0.02102 0.04539 0.55175 54.0 45.0 38.0
0.01228 -0.02521 0.59284 126.0 176.0 239.0
-0.04914 -0.0287 0.5551 35.0 30.0 27.0
-0.18273 -0.02239 0.53431 162.0 149.0 140.0
0.1529 0.1081 0.6822 83.0 49.0 47.0
-0.10039 -0.04229 0.53164 163.0 146.0 130.0
0.08649 0.09668 0.63393 91.0 92.0 94.0
-0.17725 0.004 0.54348 6.0 2.0 3.0
-0.12933 -0.0084 0.52745 154.0 134.0 125.0
-0.00701 0.04506 0.56028 34.0 27.0 21.0
-0.0046 -0.0203 0.57994 173.0 161.0 147.0
0.0738 0.08547 0.62318 6.0 4.0 5.0
-0.10013 -0.04077 0.53259 210.0 211.0 216.0
-0.01302 0.05023 0.55833 36.0 26.0 25.0
0.07318 0.08759 0.62449 12.0 7.0 11.0
-0.11315 -0.01809 0.53088 110.0 88.0 75.0
0.08233 0.07903 0.62925 91.0 76.0 73.0
0.04499 0.07685 0.60207 54.0 39.0 32.0
-0.13074 -0.05149 0.51763 146.0 136.0 135.0
0.01058 0.0283 0.57231 46.0 37.0 30.0
-0.14296 -0.05643 0.5172 168.0 156.0 156.0
0.06722 0.11053 0.62204 120.0 56.0 44.0
0.09004 0.05338 0.63441 9.0 8.0 6.0
0.02613 -0.02084 0.5958 133.0 121.0 109.0
-0.1344 -0.04815 0.51842 8.0 2.0 4.0
-0.07258 0.05445 0.54629 25.0 25.0 27.0
-0.15567 -0.01167 0.5292 157.0 147.0 135.0
0.03484 -0.00138 0.59232 223.0 215.0 213.0
-0.14623 -0.00805 0.52898 155.0 140.0 135.0
0.09884 0.03209 0.64119 38.0 31.0 21.0
-0.03675 0.03328 0.53938 9.0 1.0 0.0
-0.15581 -0.03971 0.52705 228.0 222.0 222.0
0.0586 0.04954 0.60999 74.0 56.0 44.0
-0.16121 -0.06607 0.51527 208.0 212.0 223.0
0.01247 -0.02109 0.59202 156.0 149.0 141.0
0.06897 0.10919 0.62318 52.0 26.0 27.0
-0.20318 -0.06156 0.54306 254.0 254.0 254.0
-0.07259 -0.01908 0.54506 167.0 144.0 128.0
-0.09983 -0.02446 0.53398 68.0 54.0 45.0
-0.03418 0.03401 0.54076 29.0 20.0 13.0
-0.13533 -0.02592 0.52726 161.0 145.0 129.0
-0.21107 -0.11789 0.56313 252.0 238.0 235.0
-0.1211 -0.03428 0.52546 52.0 56.0 65.0
0.01337 0.06091 0.57786 159.0 150.0 145.0
-0.18801 0.0057 0.54274 13.0 8.0 5.0
0.02214 0.09241 0.58979 164.0 76.0 62.0
-0.13918 -0.04787 0.51934 53.0 47.0 47.0
0.04171 -0.00379 0.60014 19.0 16.0 11.0
-0.04038 0.02906 0.53569 95.0 77.0 57.0
-0.04096 0.02428 0.53567 41.0 35.0 35.0
0.02705 0.05975 0.58725 63.0 46.0 36.0
0.12238 0.09092 0.65917 65.0 61.0 60.0
-0.07205 -0.02257 0.54557 30.0 32.0 45.0
-0.00126 0.06213 0.56791 128.0 133.0 139.0
-0.12146 -0.02173 0.52798 176.0 161.0 142.0
-0.00509 0.01899 0.55569 158.0 146.0 148.0
-0.15544 -0.03893 0.52695 240.0 229.0 227.0
0.00291 0.07243 0.57368 87.0 86.0 91.0
0.05856 0.02994 0.61102 7.0 3.0 4.0
-0.12666 -0.04703 0.51798 4.0 0.0 0.0
0.07027 0.06749 0.6199 48.0 35.0 29.0
-0.09734 -0.02631 0.53451 14.0 9.0 13.0
-0.12008 -0.04463 0.52044 60.0 56.0 53.0
0.11308 0.06813 0.65236 44.0 35.0 28.0
-0.15862 -0.06383 0.51824 171.0 159.0 159.0
0.14577 0.188 0.65502 117.0 125.0 110.0
0.03964 0.06433 0.59695 47.0 36.0 32.0
-0.19955 -0.02509 0.52703 219.0 222.0 231.0
-0.05005 -0.0228 0.55358 73.0 72.0 88.0
0.08289 0.09309 0.63127 96.0 94.0 95.0
-0.17481 -0.01975 0.53349 161.0 147.0 136.0
-0.21016 -0.12583 0.56329 161.0 139.0 128.0
0.03805 -0.02208 0.60233 122.0 171.0 237.0
-0.04057 0.02454 0.53529 27.0 24.0 19.0
-0.13523 0.00394 0.53557 44.0 37.0 27.0
-0.03807 0.07352 0.55626 24.0 10.0 10.0
0.06945 0.04322 0.61903 9.0 9.0 11.0
-0.16881 -0.01694 0.53261 169.0 156.0 148.0
-0.02973 0.03528 0.54078 16.0 11.0 7.0
0.09146 0.09683 0.63715 85.0 78.0 85.0
-0.16128 -0.06742 0.51593 173.0 147.0 134.0
0.13646 0.13756 0.67367 87.0 100.0 90.0
0.05275 0.10529 0.61152 39.0 20.0 22.0
-0.19102 0.00757 0.54077 12.0 12.0 12.0
-0.13984 -0.04484 0.52054 9.0 7.0 10.0
-0.10792 -0.01949 0.53255 141.0 127.0 114.0
0.03319 0.09697 0.59794 170.0 88.0 74.0
-0.09398 -0.03785 0.5365 147.0 137.0 138.0
-0.03311 0.02642 0.53687 86.0 77.0 70.0
-0.18768 0.00656 0.54295 11.0 5.0 5.0
-0.05359 -0.02838 0.5527 34.0 31.0 24.0
-0.18066 -0.04732 0.53639 185.0 170.0 147.0
0.08272 0.09857 0.61399 92.0 100.0 113.0
0.04628 0.0926 0.60532 34.0 24.0 22.0
-0.07188 -0.02851 0.54776 113.0 103.0 94.0
-0.12418 -0.03745 0.52613 65.0 66.0 71.0
-0.10122 -0.02121 0.53428 130.0 115.0 96.0
-0.14483 -0.00755 0.52894 160.0 145.0 142.0
0.07516 0.05063 0.62265 50.0 40.0 31.0
0.18813 0.0906 0.69035 87.0 70.0 62.0
0.00633 0.13884 0.57362 253.0 235.0 211.0
0.02166 0.09212 0.5901 169.0 80.0 62.0
-0.05765 -0.02113 0.55144 14.0 15.0 17.0
0.07429 0.05043 0.62213 41.0 32.0 27.0
0.03781 -0.01935 0.60058 148.0 143.0 140.0
-0.18624 -0.08172 0.54283 160.0 155.0 151.0
-0.14966 -0.06018 0.51524 166.0 156.0 157.0
0.11812 0.17123 0.6348 69.0 100.0 24.0
-0.0851 -0.03057 0.54214 10.0 6.0 5.0
-0.12897 -0.05028 0.5183 136.0 125.0 119.0
-0.12639 -0.06697 0.53108 156.0 142.0 129.0
-0.14595 -0.00746 0.52935 167.0 156.0 152.0
0.17999 0.14367 0.69967 2.0 1.0 0.0
-0.12938 -0.067 0.52707 168.0 151.0 135.0
-0.09976 -0.04382 0.53283 172.0 148.0 138.0
-0.03742 -0.04108 0.57339 142.0 131.0 129.0
-0.11943 0.08017 0.54213 220.0 204.0 178.0
0.01959 -0.01667 0.61077 222.0 203.0 189.0
0.01554 0.02015 0.56314 16.0 12.0 11.0
-0.01542 0.08131 0.5648 255.0 254.0 252.0
0.04134 -0.01613 0.6016 64.0 63.0 61.0
-0.01851 0.08497 0.56483 205.0 171.0 161.0
-0.00554 0.04292 0.56111 80.0 62.0 50.0
-0.02054 0.05484 0.55514 46.0 32.0 29.0
-0.02426 0.04171 0.54888 17.0 12.0 9.0
-0.1218 -0.009 0.52983 189.0 162.0 145.0
0.11003 0.10085 0.65084 25.0 15.0 16.0
0.04037 0.10395 0.60355 98.0 43.0 36.0
-0.18131 -0.07655 0.52578 175.0 185.0 197.0
-0.13533 0.00367 0.53592 44.0 35.0 28.0
-0.14877 -0.06205 0.51648 160.0 136.0 126.0
-0.07519 -0.01797 0.54038 124.0 110.0 97.0
0.02614 0.02568 0.58503 16.0 12.0 11.0
-0.0984 -0.02458 0.53504 24.0 15.0 6.0
-0.06854 -0.02053 0.54355 24.0 28.0 39.0
-0.05386 -0.02186 0.55249 57.0 57.0 69.0
-0.20043 -0.10144 0.60116 167.0 159.0 156.0
-0.18571 -0.07459 0.53277 19.0 11.0 8.0
-0.03881 -0.0202 0.55912 65.0 68.0 83.0
-0.00976 0.07194 0.56559 38.0 30.0 27.0
0.03741 0.10303 0.60161 139.0 71.0 50.0
-0.11192 -0.03127 0.52804 10.0 8.0 11.0
0.10475 0.08102 0.64604 26.0 21.0 18.0
-0.02 0.04396 0.55213 61.0 50.0 44.0
-0.01833 0.06092 0.54862 16.0 12.0 13.0
-0.15628 -0.06417 0.51618 160.0 173.0 192.0
-0.16852 -0.06912 0.52064 156.0 146.0 144.0
-0.05444 -0.02874 0.55178 32.0 27.0 24.0
0.09196 0.02863 0.63686 46.0 39.0 29.0
-0.12474 0.00203 0.5308 71.0 62.0 55.0
0.07464 0.05029 0.62298 50.0 40.0 31.0
-0.06613 0.04247 0.54047 24.0 22.0 23.0
-0.15137 -0.00968 0.52987 168.0 155.0 149.0
-0.2068 -0.12377 0.56009 186.0 168.0 154.0
-0.16861 -0.04228 0.53163 178.0 164.0 153.0
-0.02284 -0.02751 0.56751 28.0 20.0 17.0
0.08195 0.05549 0.62859 11.0 5.0 7.0
-0.10028 -0.02423 0.53402 57.0 47.0 37.0
-0.0066 -0.02992 0.5815 75.0 67.0 65.0
-0.11376 -0.04259 0.52626 5.0 1.0 0.0
0.05806 0.07292 0.61141 82.0 72.0 70.0
0.11549 0.07523 0.65393 75.0 57.0 43.0
-0.12768 -0.05256 0.51707 163.0 156.0 138.0
0.14679 0.18529 0.65611 56.0 74.0 12.0
-0.16875 -0.06795 0.51834 173.0 163.0 162.0
-0.20755 -0.12528 0.5618 148.0 126.0 113.0
0.15594 0.1105 0.68092 129.0 53.0 40.0
-0.20149 -0.0221 0.51861 172.0 163.0 156.0
-0.06327 0.01946 0.52654 87.0 80.0 74.0
0.02928 0.06603 0.5896 23.0 19.0 16.0
-0.10498 -0.01863 0.53266 203.0 185.0 163.0
0.06151 0.1037 0.61736 146.0 70.0 54.0
0.10673 0.09244 0.64779 24.0 19.0 16.0
-0.08092 -0.03234 0.54256 160.0 150.0 148.0
-0.19211 -0.10489 0.5437 192.0 171.0 154.0
0.04347 0.0726 0.60096 17.0 13.0 10.0
-0.02379 0.04736 0.55063 17.0 13.0 12.0
0.02999 0.06913 0.59043 44.0 33.0 29.0
-0.13963 -0.05488 0.51834 137.0 128.0 123.0
-0.0191 0.06817 0.55908 53.0 38.0 33.0
0.12525 0.07562 0.6599 10.0 8.0 9.0
-0.09487 0.01644 0.52961 25.0 14.0 8.0
-0.12212 -0.02837 0.52706 55.0 72.0 82.0
0.06733 0.11183 0.62248 127.0 69.0 65.0
-0.05458 -0.02879 0.55191 32.0 27.0 21.0
-0.20065 -0.10902 0.55103 173.0 153.0 142.0
-0.16118 -0.06312 0.52033 4.0 3.0 1.0
0.07082 0.05626 0.61907 14.0 10.0 11.0
-0.06609 0.01752 0.5295 73.0 72.0 67.0
-0.02667 -0.0357 0.56597 160.0 140.0 133.0
0.1325 0.09362 0.66675 80.0 74.0 74.0
-0.14871 -0.0561 0.51853 16.0 8.0 6.0
-0.05232 0.02007 0.53501 154.0 138.0 125.0
0.15421 0.11585 0.68358 159.0 77.0 63.0
0.09288 0.08065 0.63726 5.0 3.0 4.0
0.02895 0.07268 0.5903 21.0 15.0 15.0
-0.12677 -0.04933 0.51878 137.0 128.0 119.0
-0.00773 0.13068 0.57115 234.0 229.0 163.0
-0.03637 -0.01843 0.55928 16.0 15.0 21.0
-0.1607 -0.06658 0.51854 189.0 196.0 206.0
0.09586 0.17901 0.61949 194.0 198.0 199.0
-0.03516 0.02819 0.53766 114.0 96.0 82.0
-0.01414 0.0427 0.55576 24.0 19.0 15.0
-0.01369 -0.01607 0.57221 122.0 119.0 114.0
0.09531 0.10199 0.64015 29.0 24.0 20.0
0.11308 0.1188 0.65472 83.0 39.0 38.0
-0.16557 -0.03999 0.53071 160.0 148.0 136.0
0.10323 0.07964 0.64688 41.0 32.0 25.0
0.10775 0.10389 0.64909 32.0 24.0 22.0
-0.19227 -0.08242 0.53404 199.0 207.0 226.0
-0.04144 -0.02668 0.55741 39.0 34.0 30.0
-0.16946 -0.01243 0.53588 69.0 56.0 39.0
0.08314 0.09516 0.63074 99.0 100.0 102.0
-0.1638 -0.0153 0.53151 163.0 150.0 141.0
-0.16737 -0.01635 0.52527 206.0 187.0 172.0
0.09113 0.04921 0.63534 8.0 6.0 7.0
0.0549 0.02708 0.60823 20.0 16.0 13.0
0.01229 -0.02679 0.59322 122.0 171.0 237.0
0.10118 0.07978 0.64317 21.0 17.0 16.0
-0.0082 0.13646 0.57107 226.0 212.0 185.0
-0.08924 -0.03883 0.5377 173.0 155.0 141.0
-0.01544 0.00946 0.55407 178.0 176.0 164.0
0.00105 -0.02802 0.58702 99.0 78.0 59.0
-0.16978 -0.00683 0.53632 76.0 66.0 54.0
0.04868 0.00039 0.6061 25.0 17.0 14.0
0.04049 0.10042 0.60316 104.0 45.0 41.0
0.09929 0.1041 0.64336 21.0 19.0 20.0
-0.14696 -0.04936 0.52006 81.0 78.0 85.0
0.06048 0.03351 0.61234 9.0 5.0 6.0
0.07882 0.06559 0.62607 32.0 23.0 24.0
-0.16012 -0.0 0.49556 217.0 213.0 214.0
-0.1431 -0.04264 0.52201 44.0 30.0 30.0
-0.19109 0.00746 0.54095 12.0 12.0 12.0
-0.16914 -0.01126 0.53586 70.0 58.0 42.0
-0.07483 0.04056 0.54022 79.0 70.0 73.0
-0.1464 -0.0405 0.52403 241.0 232.0 233.0
-0.10141 0.01304 0.52736 23.0 14.0 9.0
-0.02454 -0.03702 0.56703 110.0 99.0 93.0
-0.18941 -0.10945 0.54232 92.0 151.0 227.0
-0.10042 -0.02578 0.53349 17.0 13.0 12.0
-0.10925 -0.02189 0.53115 67.0 50.0 42.0
0.07682 0.03764 0.62533 13.0 7.0 7.0
-0.10468 -0.02419 0.53443 52.0 38.0 35.0
-0.10867 -0.02863 0.52984 61.0 46.0 41.0
-0.21092 -0.11811 0.56207 94.0 93.0 109.0
0.06558 0.04655 0.61552 10.0 9.0 5.0
-0.14551 0.00919 0.5427 6.0 1.0 5.0
0.1105 0.07646 0.65036 69.0 50.0 36.0
0.16388 0.11214 0.68939 135.0 58.0 50.0
-0.03726 0.07455 0.55767 23.0 11.0 13.0
-0.04196 0.07119 0.55435 86.0 80.0 94.0
-0.14575 0.00887 0.54315 4.0 2.0 5.0
-0.06694 0.0468 0.54408 22.0 20.0 21.0
-0.12838 -0.04834 0.52049 0.0 0.0 0.0
-0.17844 -0.04609 0.53511 160.0 144.0 129.0
-0.03971 -0.02726 0.5593 36.0 31.0 27.0
0.16326 0.11159 0.68964 124.0 56.0 47.0
-0.11541 -0.04624 0.52271 217.0 220.0 227.0
0.09213 0.08447 0.63699 39.0 36.0 31.0
0.07915 0.04021 0.62684 10.0 6.0 5.0
-0.06664 0.05645 0.54741 42.0 40.0 45.0
-0.10872 -0.04185 0.52635 58.0 54.0 42.0
0.09635 0.0548 0.63953 40.0 26.0 23.0
0.06916 0.03562 0.61903 16.0 12.0 11.0
-0.2039 -0.05282 0.49511 56.0 64.0 85.0
-0.00409 -0.03794 0.58365 106.0 190.0 250.0
-0.06332 0.05766 0.54759 75.0 68.0 76.0
0.09556 0.05217 0.63827 30.0 20.0 18.0
-0.16978 -0.07138 0.52243 131.0 139.0 158.0
-0.17446 -0.04445 0.53414 179.0 160.0 146.0
-0.04858 -0.03107 0.55827 43.0 34.0 27.0
-0.15293 -0.06382 0.51584 186.0 166.0 155.0
-0.20497 -0.0193 0.50347 201.0 211.0 223.0
-0.03164 0.05607 0.55763 13.0 9.0 10.0
-0.19864 -0.08805 0.54653 229.0 229.0 239.0
0.15966 0.11015 0.68731 107.0 54.0 48.0
0.02754 0.05391 0.58713 9.0 7.0 8.0
-0.14581 -0.00729 0.52908 171.0 160.0 156.0
0.07205 0.1087 0.62505 139.0 63.0 49.0
-0.14003 -0.05809 0.51639 138.0 120.0 98.0
0.09912 0.07704 0.64143 18.0 12.0 12.0
0.05055 0.0281 0.60492 40.0 27.0 21.0
0.14322 0.1287 0.67607 139.0 56.0 38.0
-0.03184 0.05584 0.55786 12.0 8.0 9.0
-0.11573 -0.03662 0.52623 78.0 75.0 86.0
0.07286 0.03822 0.62257 56.0 39.0 29.0
-0.14075 -0.05906 0.51216 181.0 161.0 150.0
-0.01927 0.06798 0.55927 54.0 39.0 34.0
-0.20221 -0.12203 0.55655 152.0 138.0 127.0
-0.15428 -0.05641 0.51981 65.0 57.0 54.0
0.00127 0.01432 0.56313 168.0 160.0 158.0
-0.1472 -0.00863 0.52903 157.0 146.0 140.0
0.05604 0.07003 0.60942 65.0 61.0 62.0
0.16653 0.14444 0.69161 1.0 1.0 1.0
-0.03241 0.07384 0.55755 90.0 79.0 87.0
-0.07488 0.04049 0.5403 81.0 72.0 75.0
-0.116 -0.04515 0.52428 89.0 81.0 70.0
0.00883 -0.02572 0.59165 121.0 175.0 239.0
-0.08972 0.01151 0.52591 17.0 19.0 31.0
-0.00345 0.1363 0.57216 170.0 124.0 100.0
-0.16941 -0.00635 0.53558 81.0 75.0 61.0
-0.0229 0.0489 0.55154 41.0 33.0 30.0
-0.08264 0.01387 0.52662 164.0 163.0 169.0
-0.06705 0.05385 0.54737 22.0 20.0 23.0
-0.16313 -0.0146 0.53037 166.0 153.0 144.0
0.08523 0.09521 0.63167 86.0 90.0 89.0
0.05995 0.04907 0.61173 35.0 21.0 18.0
-0.18658 -0.06023 0.53723 45.0 34.0 28.0
-0.18548 -0.08107 0.52906 153.0 140.0 132.0
0.19615 0.11801 0.69749 21.0 22.0 24.0
-0.04895 0.0238 0.53062 43.0 57.0 70.0
0.02939 0.04121 0.58772 37.0 27.0 25.0
-0.14934 -0.0628 0.51428 159.0 137.0 126.0
0.14058 0.18199 0.65029 40.0 70.0 10.0
-0.15234 -0.06228 0.51537 241.0 242.0 246.0
0.06534 0.02257 0.61666 51.0 34.0 27.0
0.03294 -0.02366 0.60041 119.0 170.0 236.0
0.06008 0.0093 0.61432 12.0 10.0 11.0
-0.04267 -0.0258 0.55596 57.0 50.0 44.0
0.07329 0.05469 0.62181 58.0 45.0 37.0
-0.18148 -0.0496 0.53645 241.0 240.0 236.0
-0.18052 -0.02483 0.53286 204.0 191.0 174.0
-0.04524 0.06375 0.56878 79.0 76.0 87.0
0.19385 0.11559 0.69581 28.0 26.0 27.0
-0.18212 0.00315 0.53981 5.0 5.0 3.0
-0.19417 -0.11249 0.54707 92.0 154.0 229.0
-0.12291 -0.00499 0.52794 191.0 165.0 152.0
-0.06092 0.06234 0.54967 74.0 72.0 83.0
0.06422 0.02166 0.61583 28.0 18.0 17.0
-0.11023 0.00728 0.52538 107.0 93.0 82.0
-0.09446 0.01551 0.52713 13.0 5.0 3.0
-0.06979 0.01767 0.52768 47.0 55.0 68.0
0.03075 0.06662 0.59053 7.0 5.0 8.0
-0.12539 0.00144 0.53168 76.0 66.0 56.0
-0.12446 -0.05126 0.51842 144.0 130.0 117.0
-0.04042 0.02726 0.53543 114.0 97.0 81.0
-0.02089 -0.02327 0.56862 47.0 52.0 58.0
-0.17112 -0.07133 0.52065 164.0 174.0 186.0
0.01381 0.09251 0.58502 180.0 93.0 83.0
-0.04049 0.02727 0.53546 115.0 95.0 86.0
-0.04426 0.02266 0.53591 179.0 163.0 150.0
-0.03125 -0.03786 0.56595 121.0 104.0 97.0
-0.09433 -0.03521 0.53714 2.0 1.0 0.0
-0.1162 -0.03732 0.52617 69.0 66.0 73.0
-0.01645 0.08062 0.56413 239.0 231.0 228.0
0.01314 -0.02669 0.59255 120.0 171.0 236.0
0.05351 0.02553 0.60775 70.0 48.0 37.0
-0.02326 0.0525 0.55262 16.0 15.0 11.0
-0.18159 -0.07545 0.5215 180.0 186.0 198.0
-0.03566 0.07642 0.55713 29.0 15.0 14.0
-0.1875 -0.0568 0.53842 49.0 34.0 27.0
0.05634 0.03929 0.60865 37.0 26.0 22.0
-0.18851 -0.08072 0.53205 157.0 172.0 193.0
-0.03435 -0.03292 0.56231 75.0 80.0 99.0
-0.09439 -0.03944 0.53914 176.0 170.0 172.0
-0.1773 -0.07387 0.52111 158.0 184.0 201.0
0.02607 0.02327 0.58514 16.0 12.0 9.0
-0.04437 0.07127 0.55406 30.0 14.0 14.0
0.03223 0.07182 0.59232 10.0 9.0 7.0
-0.19485 -0.05331 0.54112 183.0 165.0 151.0
-0.20743 -0.11421 0.55867 189.0 171.0 159.0
0.08705 0.1387 0.63283 83.0 109.0 35.0
-0.1662 0.0216 0.54372 243.0 245.0 244.0
-0.01483 0.00076 0.55889 171.0 158.0 139.0
-0.09673 -0.03619 0.5353 31.0 32.0 26.0
-0.19597 -0.05603 0.54132 243.0 234.0 235.0
-0.07034 -0.02467 0.5474 23.0 31.0 34.0
-0.14411 -0.00838 0.52842 148.0 167.0 181.0
-0.1102 -0.04075 0.52549 2.0 1.0 0.0
-0.03588 0.07309 0.55596 84.0 74.0 85.0
-0.13836 -0.02771 0.5282 200.0 181.0 166.0
0.03231 0.10472 0.59862 201.0 98.0 93.0
-0.16846 -0.01037 0.53444 73.0 64.0 47.0
-0.02925 0.02291 0.53858 167.0 151.0 138.0
0.07604 0.0465 0.62399 32.0 21.0 17.0
-0.03248 -0.02144 0.52184 91.0 81.0 92.0
-0.20093 -0.0611 0.54284 245.0 240.0 236.0
0.09627 0.09307 0.64035 9.0 8.0 6.0
-0.1553 -0.06475 0.5204 174.0 162.0 148.0
0.04344 0.04989 0.59845 28.0 20.0 17.0
-0.15348 -0.06496 0.5157 188.0 169.0 155.0
-0.00062 -0.03461 0.58377 67.0 101.0 136.0
0.00579 0.07236 0.57511 93.0 88.0 95.0
-0.19104 -0.0269 0.5336 186.0 168.0 154.0
0.00908 0.04653 0.57252 48.0 38.0 29.0
-0.14844 -0.06219 0.51292 195.0 178.0 162.0
0.0493 0.08524 0.60648 41.0 32.0 27.0
0.02033 0.04676 0.58105 33.0 22.0 18.0
-0.11601 -0.03584 0.52632 75.0 74.0 82.0
0.12353 0.12396 0.66175 155.0 68.0 51.0
-0.1534 0.0195 0.5478 11.0 2.0 3.0
-0.12194 -0.04149 0.52281 63.0 50.0 44.0
-0.02224 0.06867 0.55812 11.0 9.0 10.0
0.01257 0.04211 0.57399 46.0 33.0 27.0
-0.06732 0.04134 0.54184 24.0 22.0 23.0
-0.02284 0.06727 0.55728 14.0 10.0 9.0
-0.06385 0.05193 0.54519 86.0 75.0 83.0
-0.10465 -0.03897 0.52984 27.0 24.0 19.0
0.14486 0.18745 0.65538 199.0 194.0 175.0
-0.08371 -0.03017 0.54197 9.0 5.0 4.0
-0.18946 -0.02668 0.53403 186.0 168.0 154.0
0.08878 0.05072 0.63439 11.0 7.0 8.0
-0.20527 -0.11469 0.55708 100.0 97.0 108.0
0.10061 0.05485 0.64264 40.0 24.0 24.0
-0.00339 -0.01555 0.57971 103.0 104.0 98.0
-0.18786 -0.08139 0.53507 217.0 216.0 224.0
-0.09289 -0.03843 0.53732 219.0 214.0 220.0
-0.12869 -0.05458 0.51812 174.0 160.0 151.0
-0.0278 0.06032 0.55334 9.0 5.0 6.0
-0.18372 -0.07353 0.53183 16.0 8.0 5.0
0.08444 0.04904 0.63055 36.0 21.0 18.0
-0.21792 -0.12288 0.57284 93.0 90.0 101.0
-0.12521 -0.05204 0.51595 159.0 140.0 134.0
0.03007 0.01683 0.58883 21.0 15.0 15.0
-0.10313 -0.02666 0.53238 63.0 46.0 39.0
-0.12851 -0.05507 0.5324 235.0 209.0 196.0
-0.09324 -0.04002 0.53791 199.0 184.0 165.0
-0.03502 -0.03685 0.57511 89.0 83.0 93.0
-0.00043 0.13394 0.57806 201.0 203.0 154.0
-0.06773 -0.03516 0.54729 48.0 34.0 25.0
-0.04302 0.12699 0.55149 189.0 169.0 158.0
-0.02577 -0.03274 0.56663 77.0 79.0 94.0
-0.13249 -0.0532 0.51728 216.0 220.0 223.0
-0.01089 -0.03915 0.58013 133.0 131.0 134.0
0.06816 0.03525 0.61882 22.0 14.0 12.0
-0.10278 -0.02208 0.53596 172.0 152.0 141.0
0.06804 0.03515 0.61889 22.0 14.0 12.0
-0.15707 -0.06439 0.51546 189.0 201.0 215.0
-0.09214 -0.0393 0.53658 146.0 128.0 118.0
-0.0466 0.02602 0.53319 113.0 95.0 81.0
-0.12262 -0.0523 0.521 170.0 151.0 136.0
0.08184 0.06088 0.62726 50.0 32.0 28.0
-0.08115 -0.03196 0.54274 149.0 139.0 138.0
-0.17702 -0.04617 0.53487 192.0 176.0 161.0
-0.09148 -0.05584 0.55265 178.0 160.0 146.0
-0.12689 -0.04096 0.52263 79.0 76.0 87.0
0.02476 -0.01258 0.6067 245.0 242.0 237.0
-0.20117 -0.11495 0.5531 73.0 70.0 77.0
-0.08255 -0.03238 0.54122 67.0 59.0 48.0
0.0354 -0.0231 0.59995 120.0 169.0 236.0
-0.09167 -0.03756 0.53708 244.0 243.0 248.0
-0.10254 -0.03529 0.53176 14.0 8.0 8.0
-0.02093 -0.03722 0.56899 108.0 99.0 92.0
-0.1658 -0.04862 0.52794 50.0 37.0 31.0
0.00626 -0.02859 0.58203 100.0 93.0 100.0
-0.06048 -0.02362 0.57455 131.0 113.0 103.0
-0.01331 0.03477 0.54441 15.0 11.0 10.0
-0.07909 -0.03167 0.54416 167.0 157.0 155.0
0.04392 0.05014 0.59813 12.0 6.0 6.0
-0.03733 0.07547 0.55685 19.0 9.0 10.0
-0.21408 -0.12063 0.56848 94.0 91.0 112.0
0.04076 -0.01667 0.60113 34.0 34.0 34.0
-0.15399 -0.06295 0.51527 219.0 222.0 231.0
-0.10305 -0.00027 0.53329 235.0 208.0 191.0
0.04559 0.05852 0.6013 10.0 8.0 9.0
-0.05595 0.02444 0.53433 90.0 73.0 47.0
0.03825 -0.01782 0.59871 50.0 62.0 62.0
-0.09347 -0.04102 0.53706 152.0 130.0 117.0
-0.12219 -0.04169 0.52318 63.0 50.0 44.0
-0.10436 -0.0404 0.52914 78.0 68.0 58.0
-0.20687 -0.09969 0.60553 85.0 77.0 74.0
0.04361 0.04986 0.59836 17.0 11.0 11.0
-0.09217 -0.03021 0.47784 202.0 180.0 166.0
0.04725 0.04609 0.60156 5.0 3.0 6.0
-0.06997 -0.03774 0.54761 158.0 149.0 134.0
-0.04666 -0.02101 0.5555 59.0 59.0 71.0
0.04077 0.06032 0.59825 25.0 20.0 17.0
0.00698 0.03313 0.56975 23.0 17.0 17.0
-0.13751 -0.05557 0.51558 77.0 79.0 92.0
-0.17917 -0.0216 0.53491 153.0 136.0 126.0
-0.15239 -0.0803 0.52782 175.0 157.0 147.0
-0.12467 -0.05061 0.52034 174.0 176.0 191.0
0.09763 0.05568 0.63989 43.0 32.0 26.0
-0.12629 -0.06753 0.53 189.0 167.0 156.0
0.05336 0.0461 0.60722 9.0 5.0 6.0
0.0645 0.06038 0.61526 7.0 5.0 10.0
-0.12531 -0.04605 0.52201 18.0 10.0 8.0
-0.20473 -0.05221 0.53573 161.0 143.0 129.0
-0.16876 -0.06566 0.52334 17.0 9.0 6.0
0.00363 0.04051 0.56784 29.0 21.0 19.0
-0.1022 -0.03746 0.52783 46.0 42.0 39.0
-0.19416 -0.07306 0.54125 74.0 73.0 78.0
-0.16142 -0.01519 0.53069 135.0 153.0 167.0
-0.19364 0.0056 0.53823 17.0 12.0 9.0
0.09896 0.05443 0.64176 52.0 39.0 31.0
-0.01863 0.04719 0.55362 43.0 34.0 29.0
-0.15315 -0.08469 0.52842 255.0 254.0 255.0
0.02178 -0.02362 0.59469 123.0 172.0 238.0
-0.12102 -0.04137 0.52438 36.0 34.0 35.0
-0.10171 0.02163 0.5338 78.0 70.0 68.0
-0.09062 -0.03779 0.53937 176.0 173.0 180.0
-0.17918 -0.01898 0.53129 168.0 158.0 148.0
-0.08483 -0.03323 0.53987 140.0 132.0 129.0
-0.08341 -0.03488 0.54417 241.0 240.0 248.0
-0.17631 -0.05809 0.53059 48.0 37.0 33.0
-0.11374 0.00567 0.5269 105.0 91.0 80.0
0.07172 0.05867 0.62068 11.0 11.0 9.0
-0.11073 -0.0443 0.52411 236.0 237.0 241.0
-0.15446 -0.03482 0.52878 153.0 143.0 131.0
0.06562 0.03771 0.61611 31.0 23.0 20.0
-0.10921 -0.01877 0.53133 164.0 145.0 131.0
-0.19427 -0.08394 0.53729 211.0 210.0 215.0
0.06413 0.05953 0.61528 6.0 6.0 8.0
-0.07748 0.0116 0.52695 219.0 196.0 182.0
-0.13011 -0.05519 0.51781 159.0 141.0 137.0
0.04845 0.02506 0.60289 22.0 16.0 18.0
0.15427 0.18988 0.64362 42.0 71.0 4.0
0.04152 0.01615 0.5985 21.0 11.0 12.0
-0.15295 -0.06343 0.51965 168.0 176.0 187.0
-0.19741 -0.11907 0.55151 159.0 140.0 123.0
-0.19981 -0.0609 0.5429 195.0 195.0 193.0
-0.15314 0.01646 0.5466 10.0 4.0 4.0
-0.1897 -0.1092 0.54269 92.0 154.0 227.0
-0.09046 -0.03769 0.53917 143.0 132.0 146.0
-0.03527 0.03318 0.54184 9.0 6.0 1.0
0.06736 0.06551 0.61728 10.0 9.0 7.0
-0.04969 0.02399 0.53621 112.0 94.0 80.0
-0.06113 0.01417 0.54382 171.0 157.0 148.0
0.05758 0.05296 0.60953 7.0 3.0 2.0
-0.07018 -0.01786 0.54266 168.0 149.0 134.0
-0.15343 -0.06184 0.51489 158.0 151.0 145.0
-0.10042 0.0104 0.51926 21.0 29.0 40.0
0.09468 0.08905 0.63903 3.0 4.0 9.0
-0.17192 -0.02119 0.53214 126.0 108.0 96.0
0.12444 0.11985 0.66212 174.0 82.0 61.0
-0.03173 -0.03177 0.55985 75.0 82.0 98.0
-0.01175 0.01818 0.54775 200.0 188.0 176.0
-0.00069 0.01234 0.5604 161.0 143.0 131.0
0.03487 0.03308 0.5912 11.0 5.0 5.0
-0.12328 -0.04893 0.51726 157.0 147.0 155.0
-0.03627 -0.02609 0.56108 69.0 64.0 61.0
0.03171 0.09615 0.59656 168.0 87.0 70.0
-0.09422 -0.03531 0.53717 75.0 66.0 71.0
-0.10505 -0.0244 0.53484 25.0 15.0 13.0
-0.13814 -0.02745 0.5278 157.0 141.0 125.0
-0.09664 -0.03822 0.53637 159.0 149.0 147.0
-0.15151 -0.05492 0.51936 70.0 62.0 60.0
-0.03976 -0.04193 0.56563 120.0 171.0 236.0
0.10773 0.08336 0.64443 43.0 28.0 25.0
-0.04083 -0.03584 0.56839 91.0 88.0 107.0
-0.10033 -0.02729 0.53344 13.0 8.0 12.0
0.00286 0.01301 0.56334 176.0 174.0 177.0
0.13443 0.1814 0.64787 36.0 67.0 10.0
0.0786 0.03148 0.62685 8.0 6.0 7.0
-0.10677 -0.04323 0.5274 216.0 209.0 217.0
-0.10403 -0.03874 0.53017 68.0 60.0 58.0
-0.14258 -0.05439 0.51782 12.0 11.0 9.0
0.0248 0.05167 0.58444 47.0 36.0 30.0
0.03758 0.01349 0.59523 41.0 26.0 21.0
-0.16916 -0.06499 0.52214 17.0 9.0 6.0
-0.04951 -0.02907 0.53922 94.0 86.0 101.0
-0.13844 -0.03533 0.52374 142.0 99.0 109.0
-0.21355 -0.1184 0.56847 162.0 142.0 133.0
0.14035 0.07587 0.67207 28.0 26.0 14.0
0.1318 0.0813 0.66555 9.0 7.0 8.0
-0.20422 -0.12311 0.55735 169.0 155.0 146.0
0.04926 0.02963 0.60335 49.0 42.0 32.0
-0.14717 -0.05554 0.51844 15.0 7.0 5.0
-0.15967 -0.06119 0.52012 16.0 11.0 7.0
-0.10836 -0.04397 0.52692 179.0 183.0 194.0
0.06764 0.06567 0.61711 9.0 8.0 4.0
-0.04191 0.07372 0.55548 5.0 61.0 60.0
-0.01283 0.01686 0.55801 105.0 101.0 100.0
0.07006 -0.03613 0.62171 106.0 158.0 231.0
-0.10319 -0.03683 0.5316 14.0 9.0 6.0
0.01803 0.04421 0.57901 10.0 8.0 9.0
-0.10277 -0.03653 0.53106 15.0 10.0 7.0
-0.00848 0.00102 0.56265 95.0 91.0 88.0
0.02227 0.04483 0.58186 17.0 13.0 10.0
0.02996 0.03134 0.58786 17.0 11.0 11.0
-0.10163 -0.03894 0.52668 99.0 92.0 84.0
-0.17034 -0.06602 0.52426 16.0 8.0 5.0
-0.07176 0.04074 0.54084 25.0 23.0 24.0
-0.11964 -0.04124 0.52461 64.0 58.0 58.0
-0.03695 -0.02662 0.56178 70.0 61.0 56.0
-0.12565 -0.06358 0.52897 173.0 154.0 148.0
-0.11994 0.02006 0.5388 17.0 17.0 17.0
0.02004 0.09734 0.58996 145.0 88.0 71.0
0.0579 0.05368 0.60981 6.0 2.0 3.0
-0.20071 -0.12123 0.55531 177.0 160.0 144.0
-0.10307 -0.0233 0.53267 29.0 21.0 18.0
0.03233 0.01126 0.59122 12.0 8.0 7.0
0.04844 0.05846 0.60295 33.0 25.0 22.0
-0.08268 -0.03134 0.54296 76.0 73.0 84.0
0.01627 -0.02532 0.59483 121.0 172.0 237.0
-0.02944 -0.02796 0.56465 17.0 12.0 8.0
0.02584 0.04639 0.58517 7.0 7.0 9.0
-0.19585 -0.1138 0.54908 94.0 154.0 226.0
-0.13862 -0.05935 0.51777 128.0 114.0 101.0
-0.04646 0.02663 0.53352 112.0 94.0 80.0
0.15061 0.18194 0.6584 20.0 46.0 7.0
0.0165 0.142 0.5808 254.0 255.0 237.0
0.00441 0.03211 0.56756 32.0 21.0 19.0
-0.00611 0.08804 0.57267 165.0 76.0 58.0
-0.09711 -0.03504 0.53486 15.0 10.0 7.0
-0.17675 -0.0585 0.53139 50.0 36.0 33.0
-0.0919 -0.03478 0.53727 75.0 70.0 77.0
0.02649 0.02128 0.58538 34.0 25.0 20.0
-0.01269 -0.04266 0.58032 113.0 166.0 234.0
0.0667 0.01422 0.61793 12.0 8.0 9.0
-0.10896 -0.04399 0.5249 9.0 13.0 22.0
-0.06498 0.02249 0.53069 90.0 72.0 50.0
-0.20033 -0.05996 0.54287 240.0 238.0 239.0
-0.10188 -0.03835 0.54076 17.0 9.0 7.0
0.03743 0.05349 0.59436 18.0 14.0 13.0
0.04762 0.0842 0.60473 22.0 18.0 15.0
0.0055 0.03403 0.56835 56.0 46.0 37.0
0.04376 0.03358 0.59834 28.0 19.0 14.0
-0.16923 -0.04965 0.5296 51.0 37.0 34.0
0.14724 0.12628 0.67907 141.0 62.0 45.0
-0.09673 0.01286 0.52714 78.0 65.0 49.0
-0.07762 0.04828 0.54311 8.0 4.0 5.0
-0.17651 -0.0203 0.53378 165.0 151.0 140.0
-0.09193 0.01387 0.5262 81.0 63.0 41.0
0.08078 0.06293 0.62777 22.0 14.0 12.0
0.12771 0.07891 0.66249 71.0 52.0 45.0
-0.11971 0.01988 0.53648 17.0 17.0 17.0
-0.15714 -0.05796 0.52262 67.0 59.0 57.0
0.05599 -0.03252 0.60842 112.0 162.0 233.0
-0.14484 -0.00642 0.52771 170.0 160.0 151.0
0.05786 0.05366 0.60984 6.0 2.0 3.0
-0.183 -0.07243 0.53078 15.0 7.0 5.0
-0.12081 -0.04212 0.52623 66.0 61.0 58.0
0.06103 0.05774 0.61251 26.0 17.0 18.0
-0.05073 -0.02965 0.54047 98.0 87.0 103.0
-0.16686 0.0185 0.53897 77.0 73.0 62.0
-0.17854 -0.07061 0.52773 16.0 8.0 5.0
0.05496 0.00011 0.61169 27.0 31.0 30.0
0.02474 0.01892 0.58516 33.0 22.0 20.0
-0.17831 -0.07446 0.52218 210.0 210.0 212.0
-0.0079 0.0347 0.55857 12.0 10.0 11.0
-0.07865 -0.0262 0.49626 168.0 145.0 137.0
-0.07493 0.02249 0.5332 24.0 15.0 10.0
0.04741 0.05632 0.60005 30.0 25.0 22.0
-0.0523 -0.04504 0.56916 169.0 187.0 233.0
0.01451 0.00329 0.60915 10.0 8.0 9.0
0.06748 0.01476 0.61742 12.0 8.0 7.0
-0.20446 -0.05138 0.53573 181.0 161.0 150.0
-0.18001 -0.05799 0.53262 49.0 36.0 28.0
-0.04455 -0.02991 0.55606 48.0 38.0 26.0
0.0364 -0.02971 0.59786 114.0 167.0 233.0
-0.10782 -0.04335 0.52697 208.0 211.0 216.0
-0.07744 0.04907 0.5436 8.0 4.0 5.0
-0.05264 -0.01743 0.55021 22.0 25.0 30.0
0.10089 0.083 0.64326 11.0 7.0 4.0
0.0623 0.05661 0.61318 9.0 5.0 6.0
0.08073 0.02068 0.63641 20.0 20.0 12.0
-0.02794 0.06034 0.55339 7.0 5.0 6.0
0.02535 0.01921 0.5847 36.0 28.0 25.0
-0.11857 0.02574 0.53783 15.0 15.0 17.0
-0.05629 -0.01985 0.5991 182.0 164.0 154.0
0.06645 0.00791 0.61724 15.0 10.0 7.0
-0.16258 -0.01591 0.53054 181.0 195.0 204.0
0.03242 0.08306 0.59394 23.0 18.0 15.0
-0.11776 0.00364 0.52669 102.0 90.0 78.0
-0.05455 0.02072 0.54102 111.0 94.0 84.0
-0.02175 -0.0184 0.56675 64.0 70.0 84.0
-0.11066 0.00689 0.52595 104.0 90.0 79.0
-0.17322 -0.06636 0.52181 14.0 9.0 6.0
-0.10697 -0.03691 0.52925 13.0 7.0 7.0
0.01943 -0.02468 0.5939 120.0 171.0 236.0
0.06597 0.01519 0.61698 8.0 6.0 7.0
0.15945 0.12671 0.68657 145.0 59.0 42.0
-0.12981 -0.04303 0.52157 12.0 7.0 11.0
-0.1568 -0.06261 0.5157 177.0 169.0 167.0
0.07094 0.02993 0.62091 18.0 10.0 8.0
-0.16763 -0.05329 0.52729 51.0 40.0 34.0
0.15935 0.11363 0.68651 105.0 48.0 41.0
0.07829 0.05819 0.62602 23.0 15.0 12.0
-0.14733 -0.02295 0.52725 158.0 138.0 129.0
0.03294 0.04298 0.59003 19.0 14.0 11.0
-0.18183 -0.02785 0.53391 159.0 140.0 125.0
-0.19163 -0.11083 0.54394 92.0 152.0 225.0
-0.07002 -0.02256 0.54892 34.0 33.0 47.0
-0.1944 -0.11726 0.54864 95.0 153.0 226.0
0.05886 0.04125 0.61089 45.0 36.0 31.0
-0.14412 -0.00455 0.53009 70.0 66.0 67.0
-0.07891 0.02821 0.53462 12.0 6.0 6.0
-0.16012 0.00841 0.53807 12.0 7.0 4.0
-0.13309 -0.03825 0.52302 47.0 36.0 32.0
-0.20359 -0.05964 0.54395 238.0 228.0 227.0
-0.01939 0.0514 0.55411 46.0 35.0 29.0
0.07922 0.04455 0.62674 33.0 25.0 22.0
-0.15459 -0.06602 0.51442 179.0 165.0 156.0
-0.10821 -0.05243 0.56664 170.0 157.0 141.0
-0.11824 -0.03024 0.46886 119.0 101.0 87.0
-0.11942 0.02454 0.53938 15.0 13.0 16.0
-0.10506 0.00502 0.53315 107.0 91.0 78.0
0.00117 -0.03348 0.59041 120.0 169.0 235.0
-0.02908 0.03337 0.54081 101.0 85.0 72.0
-0.01732 -0.01497 0.5686 157.0 140.0 132.0
0.02528 0.00999 0.59607 10.0 8.0 9.0
-0.02637 -0.04138 0.56779 116.0 169.0 237.0
0.09097 0.08161 0.63663 53.0 48.0 45.0
-0.00144 -0.03674 0.58605 118.0 168.0 237.0
0.09167 0.04324 0.63545 9.0 8.0 6.0
-0.08072 -0.02043 0.54006 164.0 143.0 126.0
0.04791 0.07415 0.6041 33.0 25.0 22.0
-0.02143 -0.04146 0.57016 115.0 170.0 235.0
-0.1226 -0.04227 0.52243 72.0 62.0 61.0
-0.07282 0.04038 0.54032 47.0 41.0 43.0
0.03871 0.06112 0.59568 23.0 17.0 17.0
-0.17356 0.00468 0.53837 6.0 4.0 5.0
0.15909 0.10196 0.68557 137.0 64.0 55.0
-0.13254 -0.05541 0.51741 159.0 143.0 128.0
-0.02229 -0.0152 0.56378 7.0 11.0 20.0
0.18655 0.09337 0.68966 18.0 17.0 15.0
0.01811 0.02687 0.57762 31.0 23.0 21.0
-0.04823 0.06915 0.55319 32.0 16.0 16.0
-0.06738 0.0113 0.54913 15.0 18.0 27.0
-0.13077 -0.05822 0.52127 172.0 154.0 144.0
-0.09462 -0.03367 0.53687 14.0 9.0 6.0
-0.10882 0.00796 0.52617 80.0 64.0 48.0
-0.05696 0.00651 0.50496 75.0 61.0 58.0
0.10742 0.0839 0.64877 32.0 27.0 23.0
0.04628 0.02736 0.60165 32.0 22.0 20.0
-0.1041 0.03072 0.5383 6.0 4.0 5.0
0.03975 0.01041 0.59756 40.0 31.0 26.0
-0.10914 -0.02344 0.53038 33.0 25.0 23.0
-0.1319 -0.05351 0.51669 20.0 24.0 23.0
-0.04698 -0.03229 0.55628 90.0 89.0 107.0
-0.11542 0.01413 0.55735 18.0 18.0 18.0
-0.12867 -0.05583 0.51268 195.0 171.0 161.0
-0.20154 -0.08177 0.54349 15.0 10.0 7.0
0.09138 0.04307 0.63562 10.0 6.0 5.0
0.04795 0.05518 0.60277 12.0 8.0 7.0
0.00361 -0.0322 0.58837 121.0 173.0 233.0
-0.16936 -0.07494 0.51977 126.0 114.0 100.0
-0.08612 0.00287 0.52745 183.0 160.0 146.0
-0.14701 -0.01006 0.52825 112.0 92.0 83.0
0.07108 0.03013 0.62018 30.0 20.0 18.0
-0.01868 0.07151 0.56039 27.0 22.0 18.0
-0.02366 -0.01877 0.56408 60.0 63.0 78.0
-0.02386 0.02671 0.54244 190.0 186.0 187.0
-0.18717 -0.08223 0.5277 151.0 138.0 130.0
0.18782 0.09482 0.69047 28.0 30.0 29.0
-0.20121 -0.05996 0.54232 235.0 229.0 229.0
0.04216 0.00092 0.60033 12.0 11.0 9.0
-0.08871 -0.03653 0.53709 152.0 149.0 156.0
-0.16563 -0.01857 0.5307 138.0 124.0 115.0
-0.19165 -0.02948 0.53776 187.0 175.0 161.0
-0.00666 0.12474 0.5918 121.0 96.0 76.0
-0.04559 -0.03052 0.5571 94.0 91.0 108.0
-0.07116 0.02472 0.5285 24.0 15.0 8.0
-0.13936 -0.06048 0.51887 194.0 182.0 168.0
-0.02475 0.02592 0.51354 155.0 145.0 133.0
-0.08252 0.03734 0.51144 84.0 74.0 73.0
0.01209 0.00644 0.60504 10.0 10.0 10.0
-0.0268 -0.0416 0.5682 114.0 167.0 233.0
-0.12117 -0.05398 0.52709 188.0 171.0 155.0
-0.02328 -0.01863 0.56375 68.0 69.0 87.0
-0.04852 -0.03172 0.55568 88.0 85.0 102.0
-0.22268 -0.13602 0.58352 167.0 149.0 139.0
-0.06861 0.02461 0.5333 21.0 12.0 5.0
-0.06393 0.04271 0.54181 81.0 72.0 75.0
-0.19654 -0.05642 0.54199 223.0 215.0 212.0
-0.06776 0.01808 0.53355 108.0 92.0 79.0
-0.08796 0.0014 0.52968 171.0 153.0 141.0
0.03119 -0.02347 0.59955 122.0 171.0 237.0
-0.06948 0.02395 0.53424 24.0 13.0 7.0
0.04814 0.16271 0.61183 206.0 197.0 188.0
0.02885 0.03752 0.58689 41.0 30.0 24.0
0.03699 0.03118 0.59369 9.0 9.0 9.0
-0.03755 0.01928 0.53704 173.0 159.0 150.0
-0.09855 -0.03929 0.54527 84.0 84.0 96.0
-0.0763 0.07423 0.52503 26.0 12.0 12.0
-0.16245 -0.03633 0.52927 179.0 157.0 136.0
-0.10194 -0.0266 0.53283 25.0 16.0 19.0
-0.10711 0.01172 0.52777 25.0 16.0 7.0
-0.00358 -0.036 0.59436 115.0 168.0 236.0
0.04158 0.01835 0.59832 35.0 22.0 16.0
-0.04992 -0.0316 0.55613 95.0 94.0 112.0
-0.17413 0.00362 0.54008 7.0 6.0 4.0
-0.18121 -0.01939 0.53506 73.0 61.0 47.0
-0.12475 -0.06598 0.52886 178.0 163.0 160.0
