-0.02169 -0.06753 0.73037 180.0 159.0 158.0
0.05477 0.06726 0.16009 239.0 234.0 230.0
0.06634 -0.11759 0.52208 18.0 13.0 10.0
0.00568 -0.08903 0.67097 232.0 224.0 222.0
-0.00991 -0.0703 0.72563 240.0 228.0 228.0
0.01041 -0.08068 0.719 230.0 226.0 223.0
-0.0207 -0.06449 0.73328 247.0 242.0 239.0
-0.01219 -0.07307 0.71637 231.0 226.0 222.0
0.05892 -0.10623 0.50771 236.0 228.0 225.0
0.06123 -0.1103 0.51449 249.0 249.0 249.0
-0.01972 -0.06358 0.73556 224.0 214.0 212.0
0.06123 -0.11031 0.51448 249.0 249.0 249.0
-0.0269 -0.06751 0.71693 241.0 237.0 236.0
0.04653 -0.11277 0.62376 248.0 238.0 237.0
0.05371 0.03575 0.2179 245.0 237.0 235.0
-0.02485 -0.06855 0.72226 241.0 237.0 236.0
-0.0409 -0.09216 0.62865 239.0 231.0 228.0
-0.01397 -0.07525 0.70892 229.0 217.0 217.0
0.00766 -0.0862 0.69081 233.0 215.0 213.0
0.06005 -0.10948 0.51596 251.0 251.0 253.0
0.04489 -0.11034 0.66987 240.0 231.0 232.0
0.06123 -0.12425 0.60696 234.0 231.0 226.0
0.04107 -0.10856 0.6291 238.0 239.0 241.0
0.06553 -0.11007 0.49612 237.0 229.0 227.0
-0.00093 -0.06259 0.75294 51.0 37.0 28.0
-0.00083 -0.06294 0.75292 33.0 22.0 18.0
-0.02128 -0.08153 0.68478 219.0 208.0 206.0
0.04574 -0.1122 0.62465 185.0 191.0 191.0
-0.03893 -0.0917 0.62259 16.0 12.0 9.0
-0.02051 -0.08088 0.68744 228.0 219.0 220.0
0.01062 -0.07814 0.52442 255.0 251.0 248.0
0.04662 0.03268 0.24149 60.0 45.0 38.0
0.01082 -0.07818 0.52415 243.0 238.0 235.0
0.04573 -0.11216 0.62466 235.0 234.0 230.0
-0.00583 -0.0669 0.73757 152.0 135.0 125.0
-0.00282 -0.09018 0.62144 36.0 35.0 33.0
0.05802 -0.10732 0.51527 53.0 49.0 48.0
-0.02893 -0.07217 0.7129 209.0 204.0 208.0
0.0502 0.08901 0.1401 30.0 21.0 16.0
0.05175 0.05415 0.19223 57.0 73.0 89.0
0.03746 -0.1061 0.64432 204.0 193.0 189.0
-0.00084 -0.06292 0.75292 33.0 22.0 18.0
0.05106 0.0646 0.17748 42.0 46.0 55.0
0.00968 -0.07593 0.73455 79.0 78.0 76.0
-0.02266 -0.08237 0.68059 229.0 224.0 221.0
0.06235 -0.11389 0.52435 250.0 250.0 250.0
0.00744 -0.08663 0.68796 141.0 135.0 139.0
0.04656 -0.10888 0.58156 244.0 234.0 233.0
0.00971 -0.07586 0.73454 77.0 74.0 69.0
0.04931 0.08255 0.1536 31.0 23.0 21.0
0.0503 0.08907 0.13995 34.0 23.0 17.0
0.03969 -0.10793 0.63699 255.0 248.0 246.0
-0.02347 -0.08584 0.6628 48.0 35.0 27.0
0.05176 0.06163 0.18002 35.0 42.0 52.0
-0.00639 -0.08556 0.67309 252.0 249.0 244.0
0.04942 0.08328 0.15212 20.0 16.0 15.0
0.05167 0.06166 0.18008 41.0 45.0 57.0
-0.00324 -0.06242 0.75143 190.0 180.0 168.0
0.03764 -0.10646 0.64411 214.0 211.0 206.0
0.0408 -0.10869 0.62737 6.0 10.0 13.0
0.03711 -0.10629 0.63424 207.0 201.0 201.0
0.00849 -0.07807 0.72404 61.0 60.0 56.0
-0.00278 -0.09037 0.62133 41.0 40.0 38.0
0.04694 -0.1091 0.58127 239.0 229.0 228.0
0.05875 -0.12185 0.60688 178.0 173.0 169.0
0.05583 0.01045 0.25563 14.0 10.0 11.0
-0.02342 -0.08587 0.66277 37.0 23.0 20.0
-0.0162 -0.07523 0.70784 33.0 21.0 25.0
0.04334 -0.1106 0.63698 200.0 205.0 208.0
-0.04124 -0.09236 0.62447 243.0 234.0 229.0
-0.01241 -0.05472 0.75766 209.0 199.0 200.0
-0.02781 -0.0687 0.7214 45.0 44.0 42.0
0.06258 -0.11978 0.5514 238.0 227.0 231.0
0.00213 -0.08874 0.66378 26.0 26.0 24.0
-0.031 -0.08968 0.61901 28.0 23.0 20.0
-0.02355 -0.08319 0.6779 242.0 234.0 231.0
-0.03203 -0.09035 0.62597 28.0 23.0 20.0
0.04334 -0.11018 0.61911 244.0 239.0 236.0
0.04734 0.03008 0.24416 37.0 27.0 25.0
0.0358 -0.10548 0.63838 11.0 9.0 12.0
0.00506 -0.0897 0.66387 217.0 209.0 207.0
-0.00302 -0.06276 0.75099 165.0 170.0 163.0
0.00653 -0.06854 0.74921 255.0 238.0 234.0
-0.00408 -0.08056 0.69911 25.0 25.0 25.0
-0.00376 -0.08919 0.60257 37.0 35.0 36.0
0.04418 -0.11077 0.61789 229.0 218.0 216.0
-0.00327 -0.08929 0.60331 29.0 31.0 30.0
0.06182 -0.10844 0.50491 63.0 60.0 67.0
0.04755 -0.10954 0.58064 240.0 232.0 230.0
0.00185 -0.0886 0.66539 47.0 46.0 44.0
-0.00142 -0.09034 0.6251 219.0 205.0 202.0
-0.01874 -0.06225 0.73858 234.0 226.0 223.0
0.04881 0.02851 0.24328 36.0 26.0 24.0
-0.01865 -0.06224 0.73854 244.0 235.0 236.0
0.00521 -0.08599 0.68694 33.0 28.0 32.0
-0.00622 -0.0558 0.7623 229.0 217.0 217.0
0.05273 0.06329 0.1743 31.0 38.0 46.0
-0.00304 -0.08955 0.60884 34.0 34.0 34.0
-0.00238 -0.05994 0.758 178.0 198.0 197.0
-0.01716 -0.08837 0.60786 242.0 234.0 232.0
-0.02719 -0.08597 0.66386 223.0 215.0 212.0
0.04657 0.04098 0.228 155.0 159.0 144.0
-0.00364 -0.08954 0.60971 47.0 47.0 47.0
-0.01712 -0.08837 0.60783 242.0 234.0 232.0
-0.04247 -0.0923 0.6348 175.0 89.0 74.0
-0.04097 -0.07893 0.6984 220.0 196.0 170.0
-0.01832 -0.06194 0.73942 199.0 191.0 189.0
0.04125 -0.10903 0.63203 243.0 235.0 233.0
-0.01756 -0.08205 0.68314 19.0 14.0 11.0
-0.01346 -0.08291 0.6817 246.0 238.0 236.0
-0.00491 -0.08634 0.67022 206.0 200.0 204.0
0.00159 -0.08848 0.66728 71.0 70.0 68.0
-0.02388 -0.07108 0.7169 37.0 22.0 25.0
-3e-05 -0.09009 0.60853 242.0 237.0 234.0
0.00038 -0.08858 0.66304 225.0 219.0 219.0
0.04639 -0.11238 0.61872 137.0 115.0 104.0
0.00505 -0.08959 0.6639 216.0 204.0 204.0
0.04871 0.02799 0.24411 42.0 33.0 28.0
0.04281 -0.11019 0.63369 23.0 15.0 12.0
0.04965 0.07132 0.1707 242.0 232.0 231.0
-0.01829 -0.06184 0.7394 227.0 223.0 224.0
0.04583 0.04798 0.21836 242.0 239.0 234.0
-0.00291 -0.05972 0.75805 254.0 254.0 254.0
-0.04348 -0.09289 0.63188 102.0 88.0 87.0
0.06132 -0.05734 0.37051 71.0 65.0 67.0
-0.00415 -0.08914 0.60216 49.0 51.0 48.0
-0.02316 -0.08137 0.68529 37.0 18.0 14.0
0.05936 -0.06295 0.38831 142.0 133.0 126.0
0.04445 0.05379 0.21254 144.0 132.0 118.0
0.00875 -0.07685 0.72997 88.0 71.0 64.0
-0.02627 -0.08676 0.66072 72.0 74.0 61.0
-0.03853 -0.07848 0.69876 40.0 37.0 32.0
-0.00876 -0.06674 0.7358 144.0 69.0 50.0
0.00111 -0.11554 0.72964 172.0 167.0 161.0
-0.03262 -0.07558 0.7044 216.0 207.0 208.0
-0.00813 -0.07035 0.72717 13.0 11.0 12.0
0.02717 0.108 0.16068 161.0 152.0 147.0
0.05977 -0.10082 0.48569 52.0 53.0 58.0
0.06002 -0.10231 0.48989 55.0 50.0 46.0
0.05476 0.04238 0.20325 30.0 39.0 48.0
-0.0126 -0.05513 0.75714 238.0 227.0 223.0
0.06887 -0.13111 0.68421 104.0 151.0 231.0
-0.01233 -0.08835 0.60511 101.0 110.0 117.0
-0.03267 -0.07601 0.70387 183.0 172.0 168.0
0.04302 -0.10538 0.57486 238.0 234.0 233.0
-0.01709 -0.0888 0.63082 90.0 89.0 94.0
0.04583 0.0397 0.23186 240.0 236.0 235.0
-0.02315 -0.06605 0.73313 43.0 43.0 43.0
0.003 -0.06927 0.7424 60.0 60.0 60.0
-0.00187 -0.08048 0.7017 85.0 83.0 86.0
0.07419 -0.13846 0.67227 70.0 72.0 71.0
0.0488 -0.11111 0.58561 240.0 232.0 229.0
0.00774 -0.07031 0.74659 27.0 16.0 14.0
-0.01413 -0.05537 0.75586 253.0 253.0 253.0
0.0017 -0.06355 0.75466 246.0 254.0 255.0
0.00068 -0.09061 0.61603 200.0 191.0 192.0
-0.01506 -0.07922 0.69579 45.0 38.0 45.0
-0.0195 -0.08169 0.68438 18.0 12.0 12.0
0.01084 -0.07183 0.74769 28.0 18.0 17.0
-0.01411 -0.08192 0.68515 69.0 79.0 81.0
-0.02754 -0.08727 0.65831 218.0 207.0 201.0
-0.0437 -0.09293 0.63091 122.0 108.0 108.0
-0.0103 -0.08915 0.63607 60.0 65.0 69.0
-0.01007 -0.06009 0.75014 131.0 69.0 58.0
-0.0022 -0.0681 0.73794 60.0 58.0 61.0
-0.016 -0.05979 0.74618 241.0 233.0 230.0
0.00902 -0.07777 0.72685 77.0 71.0 73.0
0.0054 -0.08447 0.69534 51.0 55.0 54.0
0.00377 -0.07474 0.7274 115.0 114.0 120.0
-0.0436 -0.093 0.63078 124.0 105.0 107.0
0.0035 -0.06929 0.7431 53.0 39.0 39.0
-0.02137 -0.0809 0.68677 182.0 178.0 179.0
0.05634 -0.01372 0.29852 10.0 6.0 5.0
0.06201 -0.11836 0.54681 45.0 35.0 26.0
-0.02796 -0.0688 0.72227 19.0 20.0 22.0
0.0028 -0.06934 0.74231 62.0 60.0 61.0
0.04579 -0.11239 0.62889 22.0 17.0 21.0
-0.00129 -0.08865 0.59442 243.0 237.0 237.0
0.00105 -0.0841 0.68972 157.0 190.0 195.0
-0.01005 -0.07398 0.71564 56.0 53.0 60.0
0.03568 -0.1045 0.61013 17.0 8.0 9.0
-0.03646 -0.08173 0.68783 62.0 39.0 33.0
0.04029 -0.10594 0.68139 18.0 14.0 11.0
0.03555 -0.10523 0.64514 21.0 17.0 16.0
-0.02275 -0.08765 0.65268 55.0 58.0 65.0
0.05862 -0.07181 0.41072 34.0 29.0 26.0
-0.0027 -0.0818 0.69494 237.0 228.0 223.0
0.04416 -0.11138 0.63074 224.0 205.0 190.0
0.06028 0.06516 0.13322 81.0 78.0 95.0
-0.0092 -0.07941 0.69857 43.0 29.0 26.0
0.06196 -0.11643 0.53744 45.0 41.0 38.0
-0.01757 -0.06166 0.74013 237.0 244.0 250.0
-0.03895 -0.09177 0.6141 14.0 10.0 11.0
-0.00545 -0.06571 0.74066 232.0 222.0 213.0
0.03223 -0.1093 0.73548 102.0 78.0 74.0
-0.0286 -0.08874 0.64594 84.0 81.0 76.0
-0.03331 -0.07446 0.70726 158.0 128.0 136.0
0.06176 -0.12442 0.60117 36.0 35.0 43.0
-0.01297 -0.05534 0.75668 217.0 207.0 205.0
0.03062 -0.10142 0.61291 33.0 24.0 19.0
0.04576 -0.11228 0.62894 36.0 34.0 35.0
-0.00086 -0.08544 0.685 251.0 241.0 242.0
0.00059 -0.08633 0.67784 103.0 103.0 101.0
0.03993 -0.10678 0.60602 41.0 28.0 20.0
0.04957 -0.1149 0.61877 230.0 194.0 162.0
0.00206 -0.08971 0.59738 41.0 30.0 28.0
-0.02484 -0.08891 0.63207 74.0 78.0 79.0
-0.00556 -0.06101 0.48403 86.0 76.0 67.0
0.06024 0.06482 0.13465 112.0 100.0 104.0
0.04026 -0.10713 0.60566 36.0 25.0 21.0
-0.01076 -0.08447 0.67551 12.0 8.0 9.0
-0.04352 -0.0924 0.63769 182.0 86.0 72.0
-0.00552 -0.06101 0.48401 86.0 73.0 65.0
0.05052 0.02285 0.24864 25.0 17.0 15.0
-0.01429 -0.08015 0.69076 57.0 56.0 62.0
0.00327 -0.08717 0.67708 9.0 9.0 7.0
-0.01035 -0.06869 0.72946 20.0 16.0 15.0
0.03408 -0.0971 0.55972 240.0 232.0 230.0
0.00925 -0.0744 0.73827 156.0 171.0 174.0
0.07086 -0.12536 0.67463 133.0 173.0 234.0
-0.03027 -0.07612 0.70289 71.0 36.0 30.0
-0.00118 -0.08943 0.60068 238.0 233.0 230.0
0.05576 -0.03407 0.33804 9.0 5.0 4.0
0.02802 0.10558 0.16274 201.0 204.0 211.0
0.0044 -0.0851 0.69017 48.0 54.0 52.0
-0.01773 -0.0887 0.61368 178.0 180.0 177.0
0.05717 -0.03661 0.34022 11.0 6.0 3.0
0.05243 -0.06053 0.40091 15.0 23.0 26.0
0.06263 -0.10596 0.49293 60.0 50.0 40.0
-0.01528 -0.05904 0.74809 242.0 232.0 231.0
0.04438 -0.10742 0.583 13.0 8.0 5.0
-0.01478 -0.08844 0.64214 93.0 84.0 85.0
0.00058 -0.05366 0.77149 103.0 151.0 42.0
-0.03183 -0.07876 0.69545 174.0 102.0 87.0
-0.04637 -0.09411 0.6283 37.0 17.0 16.0
-0.00507 -0.05133 0.46038 84.0 73.0 67.0
-0.00574 -0.09038 0.6215 89.0 87.0 88.0
-0.04509 -0.0937 0.62688 40.0 20.0 19.0
-0.00026 -0.08325 0.55635 14.0 12.0 13.0
0.06711 -0.11755 0.51827 15.0 11.0 10.0
0.05581 0.07078 0.14958 9.0 7.0 10.0
-0.03107 -0.07258 0.71212 49.0 34.0 37.0
0.01185 -0.09071 0.67212 13.0 7.0 7.0
-0.01547 -0.08847 0.64159 91.0 89.0 92.0
0.00519 -0.07042 0.74214 87.0 133.0 131.0
-0.00456 -0.08973 0.63317 24.0 19.0 16.0
-0.00062 -0.08582 0.6789 83.0 86.0 91.0
-0.01896 -0.06937 0.72178 168.0 82.0 67.0
-0.02205 -0.07466 0.70734 170.0 78.0 63.0
-0.017 -0.0652 0.73409 174.0 79.0 57.0
0.05083 -0.11318 0.58957 233.0 225.0 222.0
-0.00985 -0.09279 0.61826 126.0 127.0 129.0
-0.0155 -0.08856 0.64158 92.0 90.0 93.0
-0.04282 -0.09221 0.63716 125.0 65.0 54.0
-0.052 -0.04036 0.73737 53.0 80.0 11.0
-0.00162 -0.08788 0.58641 230.0 221.0 222.0
0.03427 -0.1044 0.64423 89.0 63.0 46.0
0.00491 -0.01145 0.37799 73.0 63.0 61.0
0.00578 -0.07062 0.7426 202.0 197.0 191.0
0.0052 -0.07054 0.74214 101.0 72.0 66.0
-0.00329 -0.08522 0.68002 89.0 84.0 90.0
0.00969 -0.08679 0.69269 12.0 12.0 10.0
-0.03215 -0.08763 0.65885 65.0 36.0 28.0
-0.00484 -0.08933 0.60843 25.0 15.0 13.0
-0.01284 -0.06951 0.72554 172.0 91.0 70.0
0.00046 -0.06883 0.73965 225.0 236.0 240.0
-0.00154 -0.0895 0.60395 223.0 212.0 208.0
0.01207 -0.078 0.73077 224.0 215.0 210.0
0.05337 0.0753 0.15179 31.0 23.0 21.0
-0.0355 -0.07621 0.70414 12.0 9.0 0.0
0.05993 0.06309 0.14128 18.0 10.0 7.0
-0.02896 -0.08828 0.64967 205.0 197.0 194.0
-0.00531 -0.05851 0.75818 130.0 59.0 39.0
0.06002 0.06403 0.13992 20.0 12.0 9.0
-0.02595 -0.08349 0.67688 135.0 79.0 62.0
-0.055 -0.04011 0.73748 195.0 191.0 192.0
-0.00448 -0.08577 0.67247 113.0 111.0 112.0
-0.01411 -0.07774 0.70027 49.0 36.0 28.0
-0.02944 -0.07624 0.70192 80.0 39.0 37.0
-0.03204 -0.08878 0.65057 240.0 234.0 234.0
0.05615 -0.04558 0.36099 7.0 3.0 0.0
0.01158 -0.07753 0.73201 237.0 228.0 223.0
0.04811 -0.11396 0.6245 54.0 48.0 48.0
-0.02233 -0.08387 0.67454 26.0 17.0 12.0
0.00712 -0.07763 0.72353 68.0 69.0 73.0
0.05264 0.04923 0.19837 48.0 53.0 72.0
0.0327 -0.09589 0.55736 239.0 229.0 230.0
-0.00984 -0.06543 0.73771 162.0 75.0 55.0
0.04915 -0.11468 0.65267 28.0 28.0 18.0
0.0539 -0.06154 0.39969 21.0 21.0 29.0
0.00205 -0.08946 0.65836 23.0 15.0 13.0
-0.01677 -0.07212 0.71733 169.0 86.0 68.0
-0.0097 -0.06589 0.73768 142.0 62.0 51.0
0.06188 -0.05356 0.3609 155.0 135.0 128.0
0.00805 -0.07614 0.73003 134.0 153.0 159.0
0.04968 0.00755 0.27708 16.0 15.0 13.0
0.0119 -0.06812 0.75994 149.0 69.0 58.0
0.00517 -0.08694 0.68279 26.0 21.0 17.0
0.06237 -0.05328 0.35954 174.0 160.0 151.0
0.05156 0.07307 0.16197 183.0 156.0 161.0
-0.03679 -0.09066 0.60483 9.0 7.0 8.0
-0.01943 -0.08237 0.68161 23.0 15.0 13.0
-0.02505 -0.08462 0.67117 241.0 231.0 230.0
-0.02784 -0.08901 0.64296 112.0 114.0 113.0
-0.00072 -0.08665 0.67409 115.0 116.0 118.0
0.05289 0.07633 0.15177 34.0 29.0 26.0
0.04877 -0.11411 0.61595 53.0 50.0 45.0
0.01226 -0.07378 0.50704 143.0 154.0 174.0
-0.00386 -0.08845 0.5953 27.0 26.0 22.0
-0.00116 -0.08817 0.66273 16.0 15.0 11.0
-0.01821 -0.07096 0.7188 119.0 64.0 61.0
0.03214 -0.10256 0.61207 66.0 46.0 37.0
-0.0325 -0.09006 0.63432 237.0 227.0 225.0
0.00302 -0.09109 0.61454 37.0 29.0 27.0
-0.00546 -0.04707 0.48615 108.0 83.0 89.0
0.00155 -0.06555 0.75041 33.0 24.0 25.0
0.04329 -0.11045 0.62557 2.0 0.0 1.0
-0.0073 -0.06945 0.72987 31.0 23.0 20.0
0.0501 -0.02475 0.33396 169.0 150.0 135.0
-0.01388 -0.06637 0.73296 141.0 69.0 57.0
-0.07405 -0.0709 0.71581 205.0 180.0 149.0
-0.03603 -0.07538 0.70568 158.0 143.0 114.0
-0.00918 -0.0786 0.69937 16.0 12.0 11.0
-0.00454 -0.08062 0.54804 17.0 12.0 9.0
-0.03922 -0.08367 0.68283 122.0 67.0 60.0
0.00513 -0.07779 0.72074 8.0 4.0 5.0
0.04776 -0.11338 0.61721 34.0 33.0 31.0
-0.01359 -0.08746 0.59619 27.0 22.0 19.0
-0.01339 -0.08804 0.64699 46.0 35.0 29.0
0.04616 -0.11186 0.61166 21.0 15.0 15.0
-0.01418 -0.08905 0.61923 108.0 117.0 126.0
0.00608 -0.08759 0.6801 20.0 15.0 12.0
-0.05027 -0.04146 0.73634 42.0 71.0 4.0
0.01525 -0.09428 0.653 55.0 38.0 31.0
0.00545 -0.07174 0.73961 79.0 80.0 75.0
-0.07402 -0.07112 0.71583 244.0 218.0 185.0
0.04796 -0.00907 0.31048 162.0 146.0 133.0
-0.01727 -0.08857 0.61417 163.0 165.0 162.0
0.00161 -0.07145 0.73406 62.0 60.0 63.0
0.04782 -0.11346 0.61715 111.0 133.0 144.0
-0.01789 -0.08905 0.62634 87.0 85.0 88.0
-0.03597 -0.09026 0.60229 7.0 5.0 8.0
0.02649 0.0928 0.18391 24.0 40.0 39.0
0.04909 -0.11195 0.59121 38.0 29.0 32.0
-0.0013 -0.08831 0.66206 12.0 11.0 9.0
-0.01275 -0.06788 0.72903 128.0 68.0 60.0
-0.01064 -0.08872 0.63945 221.0 211.0 209.0
-0.00059 -0.0647 0.74927 245.0 231.0 230.0
-0.01086 -0.08922 0.63253 108.0 107.0 112.0
-0.04425 -0.03567 0.74502 37.0 61.0 11.0
0.00588 -0.08763 0.67981 13.0 11.0 12.0
0.01076 -0.08754 0.69068 12.0 11.0 9.0
-0.00177 -0.05085 0.7737 128.0 92.0 44.0
-0.03163 -0.08888 0.64938 220.0 210.0 201.0
-0.02049 -0.08323 0.67777 11.0 7.0 8.0
0.00438 -0.075 0.7274 147.0 154.0 147.0
-0.04738 -0.03692 0.74321 52.0 81.0 17.0
-0.02791 -0.08685 0.66072 210.0 196.0 193.0
-0.024 -0.07988 0.69174 107.0 59.0 55.0
-0.00956 -0.08937 0.63168 102.0 100.0 105.0
-0.01055 -0.05787 0.75402 111.0 57.0 47.0
-0.01547 -0.08869 0.63976 90.0 90.0 92.0
-0.00331 -0.0899 0.61451 29.0 31.0 30.0
-0.02302 -0.08749 0.59433 14.0 10.0 11.0
-0.01352 -0.08747 0.59459 35.0 27.0 24.0
-0.00292 -0.08787 0.66356 32.0 22.0 20.0
0.0032 -0.09041 0.60266 20.0 14.0 14.0
-0.03051 -0.07764 0.69827 158.0 79.0 64.0
-0.02166 -0.07674 0.70159 144.0 72.0 57.0
-0.00683 -0.08968 0.62643 91.0 86.0 90.0
-0.0148 -0.07853 0.69812 165.0 166.0 170.0
0.01411 -0.07808 0.51937 245.0 239.0 239.0
-0.02641 -0.08047 0.68952 62.0 31.0 28.0
-0.02 -0.07806 0.69756 83.0 40.0 31.0
0.05655 -0.10603 0.51559 120.0 98.0 84.0
-0.02318 -0.08074 0.68793 48.0 18.0 16.0
0.06166 -0.12012 0.55842 30.0 24.0 24.0
-0.04201 -0.07991 0.6966 196.0 175.0 146.0
-0.00834 -0.07688 0.70781 103.0 113.0 114.0
0.05297 -0.11467 0.58694 202.0 192.0 191.0
0.04626 -0.11206 0.66083 45.0 37.0 26.0
-0.00552 -0.08273 0.55892 12.0 8.0 7.0
0.02336 0.09641 0.18328 47.0 35.0 21.0
-0.04765 -0.03447 0.74626 189.0 182.0 172.0
-0.01201 -0.08727 0.59195 33.0 25.0 22.0
0.05031 -0.02397 0.3325 160.0 143.0 133.0
-0.00615 -0.08027 0.54753 12.0 8.0 7.0
0.02138 -0.09601 0.66542 68.0 50.0 38.0
0.05058 -0.00692 0.30072 88.0 66.0 52.0
-0.02007 -0.08389 0.67335 17.0 13.0 12.0
-0.05526 -0.03955 0.73859 191.0 180.0 176.0
0.04864 -0.01156 0.31343 112.0 105.0 99.0
-0.02012 -0.08379 0.67339 17.0 13.0 12.0
0.00861 -0.09048 0.66451 23.0 18.0 14.0
-0.03084 -0.08013 0.69097 150.0 73.0 63.0
0.05585 -0.04367 0.35786 27.0 22.0 18.0
0.00251 -0.08687 0.57397 57.0 46.0 42.0
-0.02965 -0.07788 0.69767 167.0 97.0 97.0
-0.03632 -0.07382 0.7104 225.0 183.0 123.0
0.00319 -0.08428 0.6937 96.0 100.0 99.0
-0.02227 -0.06439 0.7326 42.0 40.0 54.0
-0.03092 -0.08831 0.65202 216.0 209.0 199.0
-0.07547 -0.0773 0.70868 204.0 177.0 148.0
-0.00795 -0.08925 0.63544 231.0 226.0 223.0
0.05063 0.03074 0.2349 39.0 29.0 27.0
0.01168 -0.08318 0.71193 59.0 45.0 34.0
0.02627 -0.09967 0.64796 65.0 51.0 42.0
0.05564 0.02659 0.22783 9.0 7.0 10.0
0.0321 -0.1029 0.61997 56.0 39.0 31.0
-0.02417 -0.08743 0.59407 12.0 8.0 9.0
-0.01971 -0.07701 0.70135 99.0 42.0 31.0
-0.00468 -0.05998 0.75613 152.0 65.0 46.0
0.05078 0.03089 0.23451 34.0 29.0 26.0
-0.00172 -0.06053 0.75334 136.0 61.0 40.0
0.06308 -0.12595 0.6042 148.0 135.0 129.0
-0.04637 -0.09104 0.57741 38.0 39.0 43.0
0.03792 -0.10653 0.62201 19.0 13.0 15.0
0.05905 -0.12133 0.59756 78.0 76.0 81.0
-0.00561 -0.08322 0.6857 89.0 89.0 89.0
-0.02733 -0.08054 0.6886 100.0 52.0 42.0
0.00201 -0.08345 0.69373 95.0 99.0 98.0
0.05359 -0.06412 0.40609 65.0 68.0 83.0
0.006 -0.07184 0.74055 93.0 74.0 70.0
-0.04829 -0.08936 0.56602 68.0 67.0 73.0
0.06686 -0.1213 0.53627 156.0 167.0 169.0
0.01026 -0.06916 0.75529 136.0 64.0 52.0
-0.0013 -0.07312 0.72782 34.0 25.0 20.0
-0.00772 -0.08838 0.59998 117.0 122.0 128.0
0.06177 0.08654 0.14595 253.0 211.0 213.0
0.049 0.09124 0.14109 35.0 27.0 24.0
0.05934 0.05926 0.15372 67.0 57.0 55.0
-0.00518 -0.08129 0.69374 19.0 10.0 11.0
-0.00162 -0.0539 0.7686 8.0 10.0 5.0
-0.00955 -0.08941 0.63166 102.0 100.0 105.0
0.04491 -0.11179 0.63696 10.0 8.0 9.0
-0.00292 -0.08144 0.55071 58.0 62.0 63.0
0.01725 -0.06302 0.7647 25.0 27.0 26.0
0.01344 -0.05803 0.46018 14.0 23.0 30.0
0.02919 -0.10139 0.64003 42.0 34.0 23.0
-0.0446 -0.08361 0.54898 8.0 4.0 5.0
-0.02384 -0.07807 0.697 142.0 70.0 56.0
0.02247 -0.06888 0.76083 126.0 104.0 91.0
0.05921 0.01544 0.23605 14.0 8.0 8.0
-0.02058 -0.08845 0.60669 23.0 18.0 15.0
0.01718 -0.09044 0.69089 73.0 55.0 45.0
0.05442 0.02907 0.22716 14.0 10.0 11.0
0.05877 0.03338 0.20512 38.0 34.0 31.0
-0.02036 -0.06157 0.73971 93.0 106.0 88.0
0.01693 0.07475 0.22388 12.0 7.0 3.0
0.00069 -0.08127 0.7006 35.0 39.0 40.0
-0.00179 -0.08996 0.63231 25.0 21.0 20.0
0.01147 -0.05627 0.77024 93.0 83.0 84.0
-0.02012 -0.08364 0.67514 6.0 4.0 5.0
0.05059 -0.11562 0.61799 36.0 32.0 33.0
0.05841 0.01831 0.2336 13.0 9.0 8.0
0.03638 -0.09757 0.55454 190.0 182.0 179.0
0.04924 0.05621 0.19656 26.0 53.0 62.0
0.0522 -0.01207 0.30615 12.0 10.0 11.0
0.055 0.02224 0.23741 10.0 8.0 9.0
-0.00959 -0.08923 0.63336 137.0 136.0 134.0
0.03794 -0.10553 0.60351 95.0 74.0 55.0
0.01043 -0.08917 0.6801 10.0 8.0 9.0
-0.01378 -0.0852 0.61287 103.0 106.0 111.0
-0.01878 -0.0765 0.70344 118.0 56.0 43.0
-0.07412 -0.07657 0.70834 244.0 239.0 220.0
0.05043 0.03805 0.22328 233.0 224.0 225.0
-0.00281 -0.08992 0.63514 29.0 19.0 17.0
0.04001 -0.10783 0.61738 42.0 29.0 23.0
-0.00356 -0.05662 0.76303 141.0 59.0 45.0
0.05212 -0.01616 0.31385 14.0 9.0 13.0
0.04668 0.05618 0.20329 241.0 231.0 229.0
-0.02748 -0.08329 0.67855 150.0 70.0 59.0
0.05605 -0.10281 0.50529 79.0 83.0 95.0
0.04895 0.01453 0.26668 37.0 29.0 26.0
-0.00122 -0.08741 0.67001 153.0 158.0 154.0
0.00442 -0.09116 0.60937 14.0 10.0 11.0
-0.00501 -0.08171 0.69363 14.0 8.0 10.0
0.04705 -0.1076 0.56942 168.0 166.0 171.0
0.00164 -0.06575 0.75038 24.0 17.0 11.0
-0.00687 -0.08606 0.66881 25.0 19.0 19.0
0.00354 -0.09015 0.59724 28.0 27.0 25.0
0.01435 -0.08353 0.71577 45.0 30.0 23.0
0.05593 -0.09182 0.4699 70.0 70.0 82.0
0.0508 -0.11357 0.59306 241.0 235.0 237.0
0.00441 -0.08861 0.58353 50.0 40.0 31.0
0.05888 0.0578 0.15889 42.0 39.0 34.0
-0.03172 -0.07624 0.70233 158.0 154.0 145.0
0.03659 -0.09691 0.55021 174.0 175.0 177.0
0.05423 -0.11769 0.60117 242.0 241.0 239.0
-0.05632 -0.0423 0.73496 188.0 184.0 173.0
0.04669 -0.0083 0.31203 187.0 165.0 152.0
-0.00348 -0.08579 0.67352 72.0 80.0 83.0
0.02855 -0.09895 0.67528 58.0 45.0 36.0
0.05227 -0.01188 0.30578 8.0 8.0 8.0
0.0522 -0.01615 0.31371 16.0 12.0 13.0
0.02418 -0.09597 0.67911 72.0 50.0 37.0
0.04705 -0.10754 0.56949 148.0 150.0 163.0
0.04261 -0.10849 0.67251 38.0 31.0 21.0
0.01847 -0.07828 0.51348 161.0 147.0 136.0
0.04916 -0.03675 0.35896 159.0 147.0 133.0
-0.03001 -0.08093 0.68802 37.0 22.0 17.0
0.00759 -0.09125 0.65515 7.0 5.0 6.0
-0.00157 -0.08322 0.69054 36.0 32.0 29.0
0.05116 0.04067 0.2169 207.0 210.0 189.0
-0.021 -0.0886 0.63569 218.0 203.0 200.0
0.03001 0.08041 0.19694 71.0 56.0 49.0
0.0445 0.02869 0.25283 211.0 207.0 196.0
-0.03001 -0.04033 0.76485 94.0 145.0 86.0
0.00704 -0.07426 0.51401 93.0 77.0 62.0
0.05358 -0.09683 0.49255 29.0 30.0 35.0
0.00743 -0.06901 0.74966 161.0 89.0 77.0
0.04933 -0.03675 0.35871 158.0 138.0 127.0
-0.0617 -0.06403 0.71459 69.0 90.0 71.0
0.06248 -0.12453 0.59164 130.0 136.0 132.0
-0.02506 -0.08915 0.63575 88.0 88.0 96.0
-0.02241 -0.08457 0.67178 23.0 18.0 15.0
0.05253 -0.01372 0.30837 9.0 7.0 8.0
-0.00388 -0.04986 0.77322 45.0 42.0 9.0
0.00885 -0.07646 0.73023 186.0 138.0 124.0
-0.04314 -0.03396 0.74784 44.0 66.0 1.0
-0.04638 -0.09309 0.6427 176.0 80.0 66.0
-0.01943 -0.08684 0.65585 35.0 30.0 26.0
-0.00136 -0.05145 0.77281 58.0 31.0 12.0
0.05397 -0.09715 0.49245 21.0 24.0 31.0
0.0592 0.01945 0.22877 16.0 11.0 8.0
0.07879 -0.14411 0.63107 96.0 152.0 227.0
-0.01016 -0.05074 0.72317 134.0 57.0 49.0
0.06177 -0.04882 0.35097 163.0 144.0 130.0
0.05855 -0.11048 0.52595 117.0 110.0 104.0
0.0046 -0.09139 0.60912 12.0 8.0 7.0
0.00761 -0.09103 0.65519 19.0 10.0 11.0
-0.0066 -0.07735 0.70719 76.0 76.0 76.0
-0.00838 -0.08769 0.65643 35.0 26.0 21.0
-0.03329 -0.08909 0.64839 239.0 231.0 229.0
0.00556 -0.06682 0.75187 56.0 46.0 44.0
0.05723 -0.09406 0.47268 37.0 40.0 45.0
-0.03142 -0.08363 0.67787 138.0 72.0 60.0
-0.02959 -0.08904 0.64397 173.0 163.0 161.0
0.00891 -0.08085 0.71577 46.0 37.0 32.0
-0.00358 -0.08715 0.66672 41.0 33.0 22.0
0.04767 -0.07471 0.44305 27.0 31.0 40.0
0.0424 -0.10355 0.56605 209.0 203.0 203.0
-0.01963 -0.08686 0.59034 53.0 42.0 36.0
0.00339 -0.08432 0.69221 97.0 93.0 90.0
0.07174 -0.12061 0.5083 126.0 161.0 215.0
-0.00723 -0.07797 0.53851 20.0 15.0 12.0
-0.0258 -0.07599 0.5325 93.0 84.0 87.0
-0.00342 -0.08364 0.56215 54.0 45.0 38.0
-0.0158 -0.06432 0.73623 58.0 34.0 30.0
0.06307 -0.12226 0.56818 124.0 173.0 239.0
-0.02354 -0.0729 0.71168 110.0 53.0 44.0
0.00042 -0.08483 0.68611 26.0 18.0 16.0
0.00135 -0.06871 0.74214 109.0 121.0 121.0
-0.02235 -0.07811 0.69731 125.0 61.0 52.0
0.0482 -0.00095 0.29549 154.0 129.0 98.0
0.00869 -0.09087 0.66501 15.0 11.0 8.0
0.05379 -0.01341 0.30484 11.0 9.0 10.0
0.03793 -0.09857 0.55442 76.0 76.0 74.0
0.06152 0.0558 0.14534 144.0 133.0 137.0
0.05524 -0.11644 0.58442 154.0 146.0 133.0
0.02856 -0.06339 0.45286 150.0 128.0 115.0
0.02667 -0.10006 0.62449 92.0 69.0 53.0
-0.01106 -0.06592 0.73532 153.0 66.0 46.0
-0.01476 -0.05314 0.75908 233.0 205.0 181.0
-0.0307 -0.08387 0.67649 172.0 86.0 73.0
0.06407 -0.12623 0.59216 122.0 170.0 234.0
0.04948 0.04362 0.21639 169.0 142.0 159.0
0.02119 -0.09538 0.66985 67.0 44.0 38.0
-0.03795 -0.0865 0.66715 193.0 105.0 91.0
0.06984 0.01231 0.18669 176.0 153.0 145.0
0.02294 -0.09407 0.68758 5.0 4.0 2.0
0.05184 -0.00701 0.29783 13.0 11.0 14.0
-0.02335 -0.07863 0.69441 129.0 55.0 42.0
0.02253 -0.0965 0.66605 8.0 2.0 2.0
0.04589 -0.1067 0.56927 101.0 99.0 102.0
0.0098 -0.06306 0.75497 149.0 67.0 56.0
-0.00301 -0.08318 0.68738 58.0 44.0 43.0
0.05571 -0.10311 0.50759 52.0 50.0 63.0
-0.00339 -0.08367 0.56207 54.0 45.0 38.0
0.06366 -0.12211 0.5588 126.0 176.0 239.0
0.05985 -0.08322 0.43493 35.0 30.0 27.0
0.00542 -0.06638 0.75366 83.0 49.0 47.0
0.0633 -0.01113 0.27157 163.0 146.0 130.0
-0.00663 -0.07763 0.70719 91.0 92.0 94.0
0.03288 0.09167 0.17536 154.0 134.0 125.0
0.0023 -0.08735 0.57769 34.0 27.0 21.0
0.05863 -0.11187 0.53159 173.0 161.0 147.0
-0.00305 -0.0825 0.6914 6.0 4.0 5.0
0.0623 -0.01088 0.27492 210.0 211.0 216.0
-0.00546 -0.08649 0.58029 36.0 26.0 25.0
-0.00485 -0.08213 0.69352 12.0 7.0 11.0
0.04257 0.0352 0.24607 110.0 88.0 75.0
0.00421 -0.08428 0.69404 91.0 76.0 73.0
-0.00687 -0.08688 0.66423 54.0 39.0 32.0
0.0612 0.06025 0.13698 146.0 136.0 135.0
0.02327 -0.09497 0.58036 46.0 37.0 30.0
-0.02389 -0.07549 0.70459 120.0 56.0 44.0
0.02337 -0.09424 0.68739 9.0 8.0 6.0
0.06223 -0.12281 0.5768 133.0 121.0 109.0
-0.04563 -0.08783 0.5631 25.0 25.0 27.0
0.05056 -0.1133 0.59246 223.0 215.0 213.0
0.03813 -0.10373 0.68669 38.0 31.0 21.0
0.00461 -0.07413 0.51599 9.0 1.0 0.0
0.01859 -0.09541 0.65505 74.0 56.0 44.0
0.06096 -0.1198 0.56088 156.0 149.0 141.0
-0.02216 -0.07566 0.70468 52.0 26.0 27.0
0.04866 -0.05026 0.38769 167.0 144.0 128.0
0.04988 -0.00094 0.29156 68.0 54.0 45.0
0.00466 -0.07563 0.52116 29.0 20.0 13.0
0.05466 0.05104 0.18869 52.0 56.0 65.0
-0.00541 -0.08977 0.62177 159.0 150.0 145.0
-0.03032 -0.08619 0.66586 164.0 76.0 62.0
0.05294 -0.11652 0.6034 19.0 16.0 11.0
0.00846 -0.07034 0.49994 95.0 77.0 57.0
0.01364 -0.06931 0.49055 41.0 35.0 35.0
0.00081 -0.09077 0.63295 63.0 46.0 36.0
0.00769 -0.07653 0.72833 65.0 61.0 60.0
0.05181 -0.0525 0.38536 30.0 32.0 45.0
-0.01273 -0.08862 0.61013 128.0 133.0 139.0
0.04522 0.06024 0.19978 176.0 161.0 142.0
0.02812 -0.08997 0.54108 158.0 146.0 148.0
-0.02114 -0.08911 0.62933 87.0 86.0 91.0
0.0326 -0.10338 0.64366 7.0 3.0 4.0
0.06051 0.05592 0.15165 4.0 0.0 0.0
0.00874 -0.08904 0.67771 48.0 35.0 29.0
0.05181 -0.00724 0.29818 14.0 9.0 13.0
0.06103 0.03961 0.1821 60.0 56.0 53.0
0.01913 -0.08704 0.71345 44.0 35.0 28.0
-0.03964 -0.02895 0.75584 117.0 125.0 110.0
0.00138 -0.09017 0.64885 47.0 36.0 32.0
0.05514 -0.07896 0.43723 73.0 72.0 88.0
-0.00538 -0.07929 0.70295 96.0 94.0 95.0
0.06404 -0.12609 0.59226 122.0 171.0 237.0
0.01355 -0.06934 0.49087 27.0 24.0 19.0
-0.04639 -0.09484 0.61549 24.0 10.0 10.0
0.02565 -0.09845 0.66278 9.0 9.0 11.0
0.00505 -0.07702 0.52674 16.0 11.0 7.0
-0.00505 -0.07703 0.71025 85.0 78.0 85.0
-0.01563 -0.05627 0.75433 87.0 100.0 90.0
-0.02629 -0.07909 0.69323 39.0 20.0 22.0
0.04433 0.02006 0.26768 141.0 127.0 114.0
-0.02877 -0.08395 0.67638 170.0 88.0 74.0
0.0611 -0.02262 0.3017 147.0 137.0 138.0
0.0139 -0.07346 0.50368 86.0 77.0 70.0
0.0591 -0.07817 0.42441 34.0 31.0 24.0
-0.00867 -0.0741 0.69298 92.0 100.0 113.0
-0.0191 -0.08301 0.67905 34.0 24.0 22.0
0.05663 -0.05668 0.38279 113.0 103.0 94.0
0.05595 0.0556 0.1769 65.0 66.0 71.0
0.04673 0.00303 0.2917 130.0 115.0 96.0
0.02187 -0.09539 0.67185 50.0 40.0 31.0
0.02146 -0.06811 0.76046 87.0 70.0 62.0
-0.08086 -0.08388 0.70397 253.0 235.0 211.0
-0.03032 -0.08644 0.66583 169.0 80.0 62.0
0.0526 -0.07056 0.42339 14.0 15.0 17.0
0.0218 -0.09549 0.67103 41.0 32.0 27.0
0.06239 -0.12427 0.59185 148.0 143.0 140.0
-0.04134 -0.04024 0.73957 69.0 100.0 24.0
0.05657 -0.03627 0.34143 10.0 6.0 5.0
0.06128 0.05683 0.14472 136.0 125.0 119.0
0.06974 0.01254 0.18824 156.0 142.0 129.0
-0.00623 -0.04769 0.77508 2.0 1.0 0.0
0.06838 0.0221 0.17111 168.0 151.0 135.0
0.06433 -0.01468 0.27501 172.0 148.0 138.0
0.06943 -0.10591 0.46723 142.0 131.0 129.0
0.05824 -0.12312 0.58997 222.0 203.0 189.0
0.03194 -0.09558 0.56609 16.0 12.0 11.0
-0.04039 -0.09174 0.6334 255.0 254.0 252.0
0.06073 -0.12303 0.59735 64.0 63.0 61.0
-0.04638 -0.09341 0.63955 205.0 171.0 161.0
0.00495 -0.08783 0.57644 80.0 62.0 50.0
-0.01379 -0.0859 0.58135 46.0 32.0 29.0
-0.00055 -0.08194 0.55106 17.0 12.0 9.0
0.0329 0.0623 0.22049 189.0 162.0 145.0
-0.00181 -0.07367 0.7242 25.0 15.0 16.0
-0.03107 -0.08145 0.68632 98.0 43.0 36.0
0.04776 -0.0436 0.37531 124.0 110.0 97.0
0.02905 -0.1 0.59996 16.0 12.0 11.0
0.05008 -0.00475 0.29803 24.0 15.0 6.0
0.05091 -0.05462 0.3913 24.0 28.0 39.0
0.0538 -0.0748 0.4305 57.0 57.0 69.0
0.05448 -0.08855 0.46463 65.0 68.0 83.0
-0.02709 -0.08948 0.6201 38.0 30.0 27.0
-0.03178 -0.08216 0.6842 139.0 71.0 50.0
0.05399 0.02712 0.23185 10.0 8.0 11.0
0.00921 -0.08206 0.71196 26.0 21.0 18.0
-0.00143 -0.08378 0.56074 61.0 50.0 44.0
-0.01881 -0.08444 0.58489 16.0 12.0 13.0
0.08486 -0.15204 0.61322 88.0 150.0 227.0
0.05932 -0.07716 0.42123 32.0 27.0 24.0
0.03916 -0.10549 0.67913 46.0 39.0 29.0
0.0191 0.06427 0.2369 71.0 62.0 55.0
0.02196 -0.09566 0.67177 50.0 40.0 31.0
-0.02211 -0.07154 0.51897 24.0 22.0 23.0
0.06194 -0.10435 0.48991 28.0 20.0 17.0
0.02014 -0.09353 0.68134 11.0 5.0 7.0
0.0496 4e-05 0.29052 57.0 47.0 37.0
0.06505 -0.11663 0.52388 75.0 67.0 65.0
0.06116 0.02167 0.21741 5.0 1.0 0.0
0.00089 -0.08758 0.6715 82.0 72.0 70.0
0.01541 -0.08377 0.71774 75.0 57.0 43.0
0.06255 0.05013 0.14921 163.0 156.0 138.0
-0.03779 -0.03004 0.75581 56.0 74.0 12.0
0.00498 -0.06444 0.75372 129.0 53.0 40.0
0.01291 -0.04884 0.43898 87.0 80.0 74.0
-0.00381 -0.08958 0.64143 23.0 19.0 16.0
0.04401 0.01352 0.27912 203.0 185.0 163.0
-0.02123 -0.07828 0.69676 146.0 70.0 54.0
0.00253 -0.07727 0.71822 24.0 19.0 16.0
0.05866 -0.04373 0.35032 160.0 150.0 148.0
-0.00402 -0.08811 0.65972 17.0 13.0 10.0
-0.00673 -0.08328 0.56272 17.0 13.0 12.0
-0.00621 -0.08895 0.64512 44.0 33.0 29.0
-0.02802 -0.08902 0.60744 53.0 38.0 33.0
0.01738 -0.08271 0.72428 10.0 8.0 9.0
0.00502 -0.0157 0.38105 25.0 14.0 8.0
0.05033 0.05828 0.19009 55.0 72.0 82.0
-0.02479 -0.07513 0.70568 127.0 69.0 65.0
0.05932 -0.07712 0.42114 32.0 27.0 21.0
0.01692 -0.09307 0.67068 14.0 10.0 11.0
0.01377 -0.04773 0.43566 73.0 72.0 67.0
0.06726 -0.10636 0.47629 160.0 140.0 133.0
0.00861 -0.07452 0.7362 80.0 74.0 74.0
0.01454 -0.06203 0.4689 154.0 138.0 125.0
0.00157 -0.06294 0.75661 159.0 77.0 63.0
0.0062 -0.08302 0.70296 5.0 3.0 4.0
-0.00971 -0.08832 0.64808 21.0 15.0 15.0
0.06153 0.05187 0.15408 137.0 128.0 119.0
-0.08424 -0.09267 0.70122 234.0 229.0 163.0
0.05344 -0.08943 0.47003 16.0 15.0 21.0
-0.05624 -0.04143 0.73477 194.0 198.0 199.0
0.01114 -0.07317 0.50589 114.0 96.0 82.0
0.00209 -0.08551 0.56596 24.0 19.0 15.0
0.05451 -0.10438 0.51642 122.0 119.0 114.0
-0.00721 -0.07471 0.71527 29.0 24.0 20.0
-0.01208 -0.06643 0.73405 83.0 39.0 38.0
0.00961 -0.08308 0.71173 41.0 32.0 25.0
-0.00442 -0.07266 0.72388 32.0 24.0 22.0
0.05929 -0.08906 0.452 39.0 34.0 30.0
-0.00671 -0.07837 0.70366 99.0 100.0 102.0
0.02626 -0.09604 0.68657 8.0 6.0 7.0
0.0339 -0.10424 0.63772 20.0 16.0 13.0
0.06468 -0.12305 0.55818 122.0 171.0 237.0
0.00906 -0.08278 0.70861 21.0 17.0 16.0
-0.08977 -0.0927 0.70774 226.0 212.0 185.0
0.06251 -0.03226 0.31578 173.0 155.0 141.0
0.03414 -0.08869 0.51882 178.0 176.0 164.0
0.06445 -0.11946 0.53962 99.0 78.0 59.0
0.05101 -0.11591 0.6162 25.0 17.0 14.0
-0.02812 -0.08217 0.68324 104.0 45.0 41.0
-0.00728 -0.07354 0.71894 21.0 19.0 20.0
0.03049 -0.10201 0.64783 9.0 5.0 6.0
0.01249 -0.0895 0.6837 32.0 23.0 24.0
-0.02469 -0.06794 0.50858 79.0 70.0 73.0
0.00871 0.00087 0.34809 23.0 14.0 9.0
0.06833 -0.10862 0.47943 110.0 99.0 93.0
0.05097 1e-05 0.28728 17.0 13.0 12.0
0.04652 0.02368 0.25673 67.0 50.0 42.0
0.0309 -0.10115 0.66785 13.0 7.0 7.0
0.04873 0.00893 0.27755 52.0 38.0 35.0
0.05235 0.01963 0.24943 61.0 46.0 41.0
0.02246 -0.09687 0.66034 10.0 9.0 5.0
0.01349 -0.0836 0.71451 69.0 50.0 36.0
0.00585 -0.06339 0.76073 135.0 58.0 50.0
-0.04714 -0.09544 0.61876 23.0 11.0 13.0
-0.04617 -0.09452 0.60959 86.0 80.0 94.0
-0.02957 -0.07763 0.53671 22.0 20.0 21.0
0.06068 0.05675 0.15033 0.0 0.0 0.0
0.05987 -0.09132 0.45662 36.0 31.0 27.0
0.00597 -0.06381 0.76071 124.0 56.0 47.0
0.06292 0.02383 0.20429 217.0 220.0 227.0
0.00344 -0.08162 0.70441 39.0 36.0 31.0
0.02967 -0.10004 0.67128 10.0 6.0 5.0
-0.04409 -0.08891 0.5697 42.0 40.0 45.0
0.06173 0.01069 0.23516 58.0 54.0 42.0
0.02379 -0.09354 0.69394 40.0 26.0 23.0
0.03077 -0.10166 0.65844 16.0 12.0 11.0
0.07048 -0.12259 0.52344 106.0 190.0 250.0
-0.04332 -0.08926 0.57292 75.0 68.0 76.0
0.0253 -0.0946 0.69157 30.0 20.0 18.0
0.06154 -0.0863 0.43819 43.0 34.0 27.0
-0.02142 -0.08768 0.58341 13.0 9.0 10.0
0.0059 -0.06485 0.75841 107.0 54.0 48.0
0.00601 -0.09211 0.62759 9.0 7.0 8.0
-0.02052 -0.07534 0.70588 139.0 63.0 49.0
0.01028 -0.08401 0.70572 18.0 12.0 12.0
0.03232 -0.10335 0.63329 40.0 27.0 21.0
-0.00846 -0.05871 0.75387 139.0 56.0 38.0
-0.0213 -0.08772 0.58321 12.0 8.0 9.0
0.0571 0.03331 0.21128 78.0 75.0 86.0
0.02973 -0.10082 0.66431 56.0 39.0 29.0
-0.02792 -0.08909 0.6073 54.0 39.0 34.0
0.03334 -0.09493 0.54954 168.0 160.0 158.0
0.00243 -0.08848 0.66749 65.0 61.0 62.0
-0.01025 -0.04911 0.76926 1.0 1.0 1.0
-0.04286 -0.0934 0.61631 90.0 79.0 87.0
-0.02463 -0.06791 0.50847 81.0 72.0 75.0
0.06218 0.02553 0.20519 89.0 81.0 70.0
0.06365 -0.12136 0.55397 121.0 175.0 239.0
0.01471 -0.01476 0.36906 17.0 19.0 31.0
-0.08595 -0.08981 0.7055 170.0 124.0 100.0
-0.00809 -0.08386 0.56672 41.0 33.0 30.0
0.01355 -0.02652 0.39229 164.0 163.0 169.0
-0.04055 -0.08639 0.56207 22.0 20.0 23.0
-0.006 -0.07805 0.70463 86.0 90.0 89.0
0.01925 -0.09578 0.6567 35.0 21.0 18.0
0.01009 -0.05506 0.77068 21.0 22.0 24.0
0.01206 -0.06248 0.47345 43.0 57.0 70.0
0.01726 -0.09565 0.61751 37.0 27.0 25.0
-0.03834 -0.03207 0.75154 40.0 70.0 10.0
0.03883 -0.10722 0.64755 51.0 34.0 27.0
0.06457 -0.12609 0.5854 119.0 170.0 236.0
0.04669 -0.11314 0.63554 12.0 10.0 11.0
0.05853 -0.08713 0.44897 57.0 50.0 44.0
0.01861 -0.09385 0.6728 58.0 45.0 37.0
-0.04053 -0.09733 0.61025 79.0 76.0 87.0
0.01079 -0.05636 0.76895 28.0 26.0 27.0
0.02909 0.06777 0.21731 191.0 165.0 152.0
-0.0484 -0.09367 0.58793 74.0 72.0 83.0
0.03924 -0.10754 0.64578 28.0 18.0 17.0
0.01572 0.02759 0.29606 107.0 93.0 82.0
0.00731 -0.01254 0.37283 13.0 5.0 3.0
0.01268 -0.04321 0.42692 47.0 55.0 68.0
-0.00375 -0.08944 0.64311 7.0 5.0 8.0
0.01946 0.0654 0.23508 76.0 66.0 56.0
0.06301 0.04268 0.16361 144.0 130.0 117.0
0.01052 -0.06988 0.49618 114.0 97.0 81.0
0.05905 -0.10351 0.49736 47.0 52.0 58.0
-0.0348 -0.08758 0.66239 180.0 93.0 83.0
0.01049 -0.06987 0.49618 115.0 95.0 86.0
0.01427 -0.06756 0.48444 179.0 163.0 150.0
0.06821 -0.10505 0.46839 121.0 104.0 97.0
0.05906 -0.02048 0.30399 2.0 1.0 0.0
0.05746 0.03382 0.20918 69.0 66.0 73.0
-0.04029 -0.09179 0.63187 239.0 231.0 228.0
0.06472 -0.12302 0.55829 120.0 171.0 236.0
0.0347 -0.10485 0.63566 70.0 48.0 37.0
-0.01236 -0.08475 0.57382 16.0 15.0 11.0
-0.0482 -0.09539 0.62147 29.0 15.0 14.0
0.0255 -0.09928 0.64644 37.0 26.0 22.0
0.06459 -0.09901 0.46328 75.0 80.0 99.0
0.06195 -0.02501 0.30449 176.0 170.0 172.0
0.03095 -0.10086 0.598 16.0 12.0 9.0
-0.04804 -0.09536 0.61005 30.0 14.0 14.0
-0.00764 -0.08839 0.64962 10.0 9.0 7.0
-0.03485 -0.06212 0.72683 83.0 109.0 35.0
0.04153 -0.09306 0.51551 171.0 158.0 139.0
0.05953 -0.01549 0.29295 31.0 32.0 26.0
0.05372 -0.0565 0.38949 23.0 31.0 34.0
-0.02278 -0.01346 0.79153 146.0 134.0 136.0
0.06081 0.01594 0.22867 2.0 1.0 0.0
-0.04427 -0.09377 0.61388 84.0 74.0 85.0
-0.03577 -0.08278 0.68355 201.0 98.0 93.0
0.01871 -0.07565 0.50396 167.0 151.0 138.0
0.02485 -0.09723 0.67104 32.0 21.0 17.0
0.0586 -0.07878 0.42137 91.0 81.0 92.0
-0.001 -0.07798 0.7115 9.0 8.0 6.0
0.01423 -0.09444 0.63993 28.0 20.0 17.0
0.06868 -0.12178 0.52958 67.0 101.0 136.0
-0.01966 -0.08893 0.63087 93.0 88.0 95.0
0.00643 -0.09096 0.59926 48.0 38.0 29.0
-0.02573 -0.01876 0.78065 152.0 149.0 114.0
-0.01195 -0.08455 0.67476 41.0 32.0 27.0
0.00987 -0.09285 0.61247 33.0 22.0 18.0
0.05654 0.03477 0.21062 75.0 74.0 82.0
-0.01176 -0.06299 0.74142 155.0 68.0 51.0
0.05889 0.04699 0.17915 63.0 50.0 44.0
-0.03037 -0.08945 0.60713 11.0 9.0 10.0
0.01163 -0.09221 0.59748 46.0 33.0 27.0
-0.02146 -0.0712 0.51736 24.0 22.0 23.0
-0.0291 -0.08902 0.60389 14.0 10.0 9.0
-0.03508 -0.08285 0.55352 86.0 75.0 83.0
0.06047 0.00205 0.25652 27.0 24.0 19.0
-0.03971 -0.02953 0.75597 199.0 194.0 175.0
-0.03814 -0.02062 0.75425 167.0 168.0 126.0
0.05651 -0.03803 0.34486 9.0 5.0 4.0
0.02478 -0.09556 0.68577 11.0 7.0 8.0
0.07812 -0.14382 0.6612 91.0 152.0 232.0
0.02464 -0.09338 0.69762 40.0 24.0 24.0
0.05535 -0.10991 0.5364 103.0 104.0 98.0
0.06164 -0.02556 0.30581 219.0 214.0 220.0
0.06311 0.04863 0.14862 174.0 160.0 151.0
-0.02377 -0.08687 0.58706 9.0 5.0 6.0
0.02497 -0.09622 0.6805 36.0 21.0 18.0
0.06301 0.04509 0.15649 159.0 140.0 134.0
0.0367 -0.10433 0.59888 21.0 15.0 15.0
0.05138 0.00615 0.27545 63.0 46.0 39.0
0.06408 0.03711 0.17699 235.0 209.0 196.0
0.06265 -0.02663 0.30487 199.0 184.0 165.0
0.06671 -0.10548 0.47626 89.0 83.0 93.0
-0.0816 -0.08932 0.70526 201.0 203.0 154.0
0.06252 -0.06498 0.3838 48.0 34.0 25.0
0.06531 -0.10538 0.48069 77.0 79.0 94.0
0.06128 0.0624 0.13045 216.0 220.0 223.0
0.0707 -0.11995 0.51083 133.0 131.0 134.0
0.03081 -0.10187 0.65765 22.0 14.0 12.0
0.04694 0.00437 0.28955 172.0 152.0 141.0
0.03085 -0.10193 0.65761 22.0 14.0 12.0
-0.02555 -0.07478 0.51519 16.0 16.0 18.0
0.06243 -0.02705 0.30584 146.0 128.0 118.0
0.00995 -0.06564 0.48434 113.0 95.0 81.0
0.06407 0.03436 0.17604 170.0 151.0 136.0
0.01653 -0.09111 0.68299 50.0 32.0 28.0
0.0583 -0.04329 0.35047 149.0 139.0 138.0
0.07254 -0.05289 0.3263 178.0 160.0 146.0
0.05749 0.06206 0.15788 79.0 76.0 87.0
0.05629 -0.12082 0.59233 245.0 242.0 237.0
0.05854 -0.04053 0.34406 67.0 59.0 48.0
0.06446 -0.12594 0.58722 120.0 169.0 236.0
0.06124 -0.02682 0.30924 244.0 243.0 248.0
0.05817 -0.00065 0.26915 14.0 8.0 8.0
0.06877 -0.11118 0.4864 108.0 99.0 92.0
0.06551 -0.1199 0.53876 100.0 93.0 100.0
0.05183 -0.08092 0.45237 131.0 113.0 103.0
0.01146 -0.08205 0.54205 15.0 11.0 10.0
0.05829 -0.0469 0.35795 167.0 157.0 155.0
0.01419 -0.09425 0.64001 12.0 6.0 6.0
-0.04826 -0.09558 0.61978 19.0 9.0 10.0
0.06102 -0.12318 0.59615 34.0 34.0 34.0
0.0244 0.00735 0.32095 235.0 208.0 191.0
0.00802 -0.09204 0.64967 10.0 8.0 9.0
0.0081 -0.06071 0.47256 90.0 73.0 47.0
0.06152 -0.12311 0.59119 50.0 62.0 62.0
0.06335 -0.02649 0.30203 152.0 130.0 117.0
0.05894 0.0471 0.17895 63.0 50.0 44.0
0.0615 0.00058 0.25543 78.0 68.0 58.0
0.08469 -0.15172 0.61342 91.0 148.0 227.0
0.01431 -0.09442 0.63989 17.0 11.0 11.0
-0.03328 -0.01352 0.76367 193.0 178.0 173.0
0.05976 0.02089 0.20108 202.0 180.0 166.0
0.01821 -0.09606 0.64127 5.0 3.0 6.0
0.06406 -0.06419 0.37758 158.0 149.0 134.0
0.05408 -0.08175 0.44723 59.0 59.0 71.0
0.00501 -0.09144 0.64704 25.0 20.0 17.0
0.01806 -0.09277 0.58064 23.0 17.0 17.0
0.06273 0.04291 0.16617 174.0 176.0 191.0
0.02352 -0.09302 0.69496 43.0 32.0 26.0
0.06988 0.01197 0.18704 189.0 167.0 156.0
0.01975 -0.09667 0.64851 9.0 5.0 6.0
0.01223 -0.09167 0.66816 7.0 5.0 10.0
0.06045 0.05051 0.16495 18.0 10.0 8.0
0.01028 -0.09059 0.58513 29.0 21.0 19.0
0.06005 -0.00018 0.26101 46.0 42.0 39.0
0.02455 -0.09367 0.69628 52.0 39.0 31.0
-0.00441 -0.08462 0.56816 43.0 34.0 29.0
0.06358 -0.12341 0.57024 123.0 172.0 238.0
0.05897 0.04331 0.18618 36.0 34.0 35.0
0.0614 -0.03031 0.31608 176.0 173.0 180.0
0.05894 -0.03674 0.33535 140.0 132.0 129.0
0.06005 -0.04272 0.34508 241.0 240.0 248.0
0.0168 0.03547 0.28275 105.0 91.0 80.0
0.01542 -0.0923 0.67364 11.0 11.0 9.0
0.06284 0.01415 0.22345 236.0 237.0 241.0
0.02863 -0.10056 0.65569 31.0 23.0 20.0
0.0437 0.02463 0.26106 164.0 145.0 131.0
0.01274 -0.09204 0.66754 6.0 6.0 8.0
-0.02235 -0.01403 0.79104 168.0 150.0 146.0
0.01798 -0.0318 0.39751 219.0 196.0 182.0
0.06287 0.05163 0.14288 159.0 141.0 137.0
0.07815 -0.1439 0.66118 91.0 152.0 232.0
0.03411 -0.10426 0.62841 22.0 16.0 18.0
-0.03699 -0.02324 0.74872 42.0 71.0 4.0
0.03922 -0.1071 0.61458 21.0 11.0 12.0
0.06137 -0.03038 0.31623 143.0 132.0 146.0
0.00503 -0.07565 0.52025 9.0 6.0 1.0
0.0141 -0.08307 0.50313 48.0 37.0 31.0
0.00933 -0.08974 0.6737 10.0 9.0 7.0
0.01073 -0.06514 0.48156 112.0 94.0 80.0
0.01693 -0.05992 0.4603 171.0 157.0 148.0
0.01579 -0.09417 0.65653 7.0 3.0 2.0
0.04833 -0.05123 0.38983 168.0 149.0 134.0
0.01552 0.01174 0.32058 21.0 29.0 40.0
0.00116 -0.07966 0.70847 3.0 4.0 9.0
-0.07579 -0.05425 0.72633 163.0 155.0 152.0
-0.00902 -0.06451 0.74037 174.0 82.0 61.0
0.06421 -0.09909 0.46461 75.0 82.0 98.0
0.07741 -0.14278 0.66255 96.0 152.0 226.0
0.02765 -0.08577 0.52515 200.0 188.0 176.0
0.03473 -0.09428 0.54279 161.0 143.0 131.0
0.02522 -0.09897 0.61659 11.0 5.0 5.0
0.06226 0.04411 0.1648 157.0 147.0 155.0
0.05938 -0.09372 0.46504 69.0 64.0 61.0
-0.02879 -0.08425 0.6746 168.0 87.0 70.0
0.05915 -0.02076 0.30424 75.0 66.0 71.0
0.04878 0.00925 0.27703 25.0 15.0 13.0
0.0609 -0.01802 0.29384 159.0 149.0 147.0
0.07001 -0.10209 0.45268 120.0 171.0 236.0
0.00866 -0.08022 0.71226 43.0 28.0 25.0
0.06555 -0.09875 0.45991 91.0 88.0 107.0
0.07025 0.0504 0.16409 81.0 80.0 86.0
0.05224 -0.00098 0.28596 13.0 8.0 12.0
0.03482 -0.09574 0.54969 176.0 174.0 177.0
-0.04049 -0.03367 0.75014 36.0 67.0 10.0
0.03524 -0.10395 0.66676 8.0 6.0 7.0
0.06289 0.0041 0.24327 216.0 209.0 217.0
0.06041 0.00068 0.25928 68.0 60.0 58.0
0.00706 -0.09225 0.62208 47.0 36.0 30.0
0.04048 -0.10744 0.60727 41.0 26.0 21.0
0.0611 -0.07601 0.41055 94.0 86.0 101.0
0.02024 -0.08164 0.73624 28.0 26.0 14.0
0.0155 -0.07984 0.73147 9.0 7.0 8.0
0.03097 -0.10247 0.63227 49.0 42.0 32.0
0.06304 0.00711 0.23695 179.0 183.0 194.0
0.00932 -0.08961 0.67373 9.0 8.0 4.0
-0.04939 -0.09615 0.61607 5.0 61.0 60.0
0.02777 -0.08918 0.53484 105.0 101.0 100.0
0.0735 -0.13811 0.62768 106.0 158.0 231.0
0.05915 -0.00045 0.26583 14.0 9.0 6.0
0.0114 -0.093 0.60702 10.0 8.0 9.0
0.05906 -0.00066 0.26624 15.0 10.0 7.0
0.04238 -0.09644 0.52664 95.0 91.0 88.0
0.01217 -0.09346 0.61218 17.0 13.0 10.0
0.02542 -0.09882 0.60952 17.0 11.0 11.0
-0.04057 -0.0924 0.6073 11.0 7.0 8.0
0.0612 -0.00188 0.25981 99.0 92.0 84.0
-0.02314 -0.06916 0.51174 25.0 23.0 24.0
0.06957 0.05447 0.16378 18.0 10.0 7.0
0.05919 0.03958 0.1921 64.0 58.0 58.0
-0.04741 -0.00957 0.77472 149.0 144.0 141.0
0.05964 -0.09381 0.46455 70.0 61.0 56.0
0.06845 0.01794 0.18525 173.0 154.0 148.0
-0.03585 -0.08614 0.6709 145.0 88.0 71.0
0.01534 -0.09393 0.65735 6.0 2.0 3.0
0.04852 0.00752 0.27977 29.0 21.0 18.0
0.04122 -0.10726 0.59848 12.0 8.0 7.0
0.00897 -0.09205 0.65188 33.0 25.0 22.0
0.05753 -0.04087 0.34794 76.0 73.0 84.0
0.0641 -0.12341 0.56448 121.0 172.0 237.0
0.06153 -0.1001 0.47737 17.0 12.0 8.0
0.01189 -0.09371 0.61825 7.0 7.0 9.0
0.00925 -0.06602 0.48617 112.0 94.0 80.0
-0.03454 -0.03084 0.7563 20.0 46.0 7.0
-0.0763 -0.07918 0.70705 254.0 255.0 237.0
0.01829 -0.09216 0.57571 32.0 21.0 19.0
-0.04187 -0.09129 0.64868 165.0 76.0 58.0
0.05866 -0.01357 0.29184 15.0 10.0 7.0
0.05915 -0.02452 0.31113 75.0 70.0 77.0
0.0326 -0.10166 0.59684 34.0 25.0 20.0
0.07274 -0.12143 0.50655 113.0 166.0 234.0
0.04447 -0.11121 0.64489 12.0 8.0 9.0
0.063 0.00992 0.23102 9.0 13.0 22.0
0.0077 -0.05164 0.45088 90.0 72.0 50.0
0.05968 -0.01146 0.28729 17.0 9.0 7.0
0.00954 -0.09298 0.63706 18.0 14.0 13.0
-0.01177 -0.08485 0.67239 22.0 18.0 15.0
0.01686 -0.09207 0.57931 56.0 46.0 37.0
0.02689 -0.10012 0.62785 28.0 19.0 14.0
-0.00596 -0.0593 0.75555 141.0 62.0 45.0
0.01042 -0.00647 0.35907 78.0 65.0 49.0
-0.03934 -0.07922 0.53824 8.0 4.0 5.0
0.01075 -0.01367 0.37134 81.0 63.0 41.0
0.01482 -0.09055 0.68416 22.0 14.0 12.0
0.01599 -0.0812 0.72773 71.0 52.0 45.0
0.07113 -0.1339 0.60661 112.0 162.0 233.0
0.01535 -0.09395 0.65734 6.0 2.0 3.0
0.05937 0.0402 0.19102 66.0 61.0 58.0
0.0132 -0.09259 0.66321 26.0 17.0 18.0
0.06129 -0.07579 0.40974 98.0 87.0 103.0
0.05191 -0.11716 0.62518 27.0 31.0 30.0
0.03404 -0.10236 0.59361 33.0 22.0 20.0
0.01232 -0.08761 0.56162 12.0 10.0 11.0
0.05832 -0.01376 0.27819 168.0 145.0 137.0
0.00319 -0.04577 0.44186 24.0 15.0 10.0
0.01041 -0.09227 0.6475 30.0 25.0 22.0
0.0705 -0.09629 0.43603 169.0 187.0 233.0
0.04274 -0.11314 0.59901 10.0 8.0 9.0
0.04426 -0.11082 0.64511 12.0 8.0 7.0
0.06137 -0.08787 0.44235 48.0 38.0 26.0
0.06849 -0.12925 0.58226 114.0 167.0 233.0
0.06278 0.00658 0.23899 208.0 211.0 216.0
-0.04056 -0.08056 0.54175 8.0 4.0 5.0
0.05046 -0.073 0.43403 22.0 25.0 30.0
0.00691 -0.08154 0.71 11.0 7.0 4.0
0.01439 -0.09296 0.66344 9.0 5.0 6.0
0.04215 -0.11034 0.6707 20.0 20.0 12.0
-0.02388 -0.08691 0.58712 7.0 5.0 6.0
0.03398 -0.10218 0.59377 36.0 28.0 25.0
0.04657 -0.09496 0.50035 182.0 164.0 154.0
0.04845 -0.1141 0.64091 15.0 10.0 7.0
-0.0172 -0.08621 0.661 23.0 18.0 15.0
0.01919 0.04853 0.25946 102.0 90.0 78.0
0.01203 -0.06424 0.47703 111.0 94.0 84.0
0.05533 -0.10019 0.4984 64.0 70.0 84.0
0.01597 0.02815 0.29507 104.0 90.0 79.0
0.00062 -0.10524 0.55834 46.0 39.0 31.0
0.05871 0.00948 0.24875 13.0 7.0 7.0
0.06404 -0.12342 0.56668 120.0 171.0 236.0
0.04376 -0.11062 0.64418 8.0 6.0 7.0
-0.00286 -0.05755 0.76164 145.0 59.0 42.0
0.05784 0.06867 0.14351 12.0 7.0 11.0
0.0349 -0.1043 0.65772 18.0 10.0 8.0
0.00402 -0.06326 0.75862 105.0 48.0 41.0
0.01742 -0.0925 0.67959 23.0 15.0 12.0
0.01681 -0.09551 0.62271 19.0 14.0 11.0
0.0518 -0.05691 0.39516 34.0 33.0 47.0
0.02465 -0.09874 0.65064 45.0 36.0 31.0
-0.00709 -0.0488 0.45597 12.0 6.0 6.0
0.05466 0.08517 0.1292 47.0 36.0 32.0
-0.00936 -0.08512 0.57504 46.0 35.0 29.0
0.02682 -0.09815 0.67341 33.0 25.0 22.0
0.06657 -0.03117 0.31159 170.0 157.0 141.0
0.01711 0.00807 0.32857 107.0 91.0 78.0
0.06797 -0.12337 0.53982 120.0 169.0 235.0
0.00739 -0.07701 0.52402 101.0 85.0 72.0
0.05327 -0.10126 0.50901 157.0 140.0 132.0
0.04052 -0.10838 0.59783 10.0 8.0 9.0
0.07096 -0.11054 0.47472 116.0 169.0 237.0
0.00499 -0.08291 0.70258 53.0 48.0 45.0
-0.09158 -0.07011 0.72096 205.0 204.0 200.0
0.0699 -0.12335 0.52991 118.0 168.0 237.0
0.03015 -0.09862 0.68417 9.0 8.0 6.0
0.04897 -0.03667 0.35934 164.0 143.0 126.0
-0.00363 -0.08753 0.66437 33.0 25.0 22.0
0.07142 -0.11387 0.48413 115.0 170.0 235.0
0.05918 0.04807 0.17579 72.0 62.0 61.0
0.08555 -0.03224 0.27156 175.0 162.0 154.0
-0.02316 -0.06822 0.50922 47.0 41.0 43.0
0.00371 -0.09092 0.64489 23.0 17.0 17.0
0.01011 -0.0683 0.7553 137.0 64.0 55.0
0.0621 0.0583 0.13251 159.0 143.0 128.0
0.05292 -0.0975 0.49701 7.0 11.0 20.0
0.01992 -0.06705 0.76023 18.0 17.0 15.0
0.02632 -0.09737 0.58895 31.0 23.0 21.0
-0.04814 -0.09531 0.60542 32.0 16.0 16.0
0.01717 -0.05786 0.45512 15.0 18.0 27.0
0.06408 0.04557 0.14909 172.0 154.0 144.0
0.05788 -0.01866 0.30388 14.0 9.0 6.0
0.01472 0.02254 0.30557 80.0 64.0 48.0
0.0684 -0.03073 0.31449 104.0 103.0 108.0
0.03279 -0.03874 0.38659 75.0 61.0 58.0
0.07355 0.0218 0.22125 16.0 8.0 5.0
0.03996 0.04468 0.16507 23.0 14.0 9.0
0.00807 -0.08081 0.71564 32.0 27.0 23.0
0.032 -0.10313 0.62773 32.0 22.0 20.0
0.04301 -0.10933 0.60873 40.0 31.0 26.0
0.048 0.02342 0.25366 33.0 25.0 23.0
0.06155 0.06053 0.13208 20.0 24.0 23.0
0.06279 -0.08738 0.43668 90.0 89.0 107.0
0.06317 0.04987 0.1398 195.0 171.0 161.0
0.03019 -0.09876 0.68413 10.0 6.0 5.0
0.01136 -0.09314 0.64918 12.0 8.0 7.0
0.06743 -0.12279 0.54082 121.0 173.0 233.0
0.02611 -0.01731 0.35996 183.0 160.0 146.0
0.03483 -0.10408 0.65725 30.0 20.0 18.0
-0.03153 -0.08989 0.61412 27.0 22.0 18.0
0.05547 -0.09851 0.49235 60.0 63.0 78.0
0.01617 -0.07903 0.51969 190.0 186.0 187.0
0.01945 -0.06624 0.76121 28.0 30.0 29.0
0.04986 -0.11432 0.60679 12.0 11.0 9.0
0.061 -0.03101 0.31777 152.0 149.0 156.0
-0.07815 -0.09643 0.7077 121.0 96.0 76.0
0.06162 -0.08784 0.44168 94.0 91.0 108.0
0.00275 -0.04673 0.4442 24.0 15.0 8.0
0.01955 -0.06722 0.48029 155.0 145.0 133.0
0.03994 -0.11064 0.5956 10.0 10.0 10.0
0.07105 -0.11058 0.4745 114.0 167.0 233.0
0.06543 0.0238 0.19355 188.0 171.0 155.0
0.05544 -0.09852 0.49251 68.0 69.0 87.0
0.06219 -0.08557 0.4339 88.0 85.0 102.0
0.00294 -0.05202 0.45604 21.0 12.0 5.0
-0.02134 -0.0729 0.52274 81.0 72.0 75.0
0.01168 -0.04939 0.44176 108.0 92.0 79.0
0.02687 -0.01609 0.3572 171.0 153.0 141.0
0.06431 -0.12563 0.58324 122.0 171.0 237.0
0.00327 -0.05167 0.45494 24.0 13.0 7.0
-0.07175 -0.06478 0.73111 206.0 197.0 188.0
0.02016 -0.0966 0.61328 41.0 30.0 24.0
0.02716 -0.10017 0.6185 9.0 9.0 9.0
0.02005 -0.07123 0.48749 173.0 159.0 150.0
0.06059 -0.02187 0.30505 84.0 84.0 96.0
-0.078 -0.10589 0.6065 26.0 12.0 12.0
0.05148 0.00328 0.28027 25.0 16.0 19.0
0.009 0.01247 0.32838 25.0 16.0 7.0
0.06904 -0.12446 0.53783 115.0 168.0 236.0
0.03765 -0.10615 0.61595 35.0 22.0 16.0
0.06188 -0.08456 0.43243 95.0 94.0 112.0
0.06966 0.01176 0.18939 178.0 163.0 160.0
