6.713076213292094863e-02 1.567002004091926429e-02 5.013833171660659893e-01
6.790475337536217015e-02 -6.449301700925191838e-02 4.817486825491300584e-01
1.834117816340206930e-01 9.804494867320224724e-03 5.139306372924726807e-01
-1.254852127660463501e-01 -2.347253688960001389e-02 4.983159460153733233e-01
1.420983225507730652e-01 4.027039600651195067e-02 5.051867849362901008e-01
1.689598922324393182e-01 1.083617990171303544e-02 5.098777882630735059e-01
1.225198023178089290e-01 -2.954618949074062917e-02 4.854771150713252936e-01
-8.896404604703318786e-02 -2.153994853864973913e-02 4.876164979217179618e-01
6.921851198408053574e-02 1.819433293885911254e-02 5.045006085776658766e-01
6.018185328565586745e-02 4.946236916670267852e-02 5.233655783078157153e-01
5.238035643543172831e-02 -5.003273893967651043e-02 4.529244115175509733e-01
1.438738606500054307e-01 1.205644301971461885e-02 5.023333538505180274e-01
1.245612175794520993e-01 -3.327276378363012987e-02 4.859922400774973061e-01
1.423276700364720648e-01 1.213385692349924945e-02 5.023923168264020633e-01
6.926703791813075550e-02 1.865532340846237994e-02 5.012965758373441050e-01
5.903711795886145558e-02 -5.343774403309437676e-02 4.659011196803629629e-01
1.453878528711277374e-01 1.184987474531504562e-02 5.037360108865308606e-01
1.367814014855584237e-01 4.111770787904046875e-02 5.044321782055763981e-01
1.318464810867420456e-01 -2.967598279306435036e-02 4.917726513393583243e-01
1.905480544288889744e-01 3.186921202616722210e-02 5.146146847797966606e-01
9.015500562994929745e-02 1.527000253141265994e-02 4.876036452653966791e-01
1.262730256102406745e-01 -4.285125353765380923e-02 4.851173780621528264e-01
-1.229221422949779430e-01 -1.405659130460140162e-02 4.987645877966306873e-01
9.011191967618155385e-02 1.518844115931192867e-02 4.883708436025732680e-01
1.423173602327692522e-01 1.219475623207602784e-02 5.023098958523332103e-01
1.258762952771399490e-01 -3.379289250790653426e-02 4.865882354624697093e-01
-1.070604556633211191e-01 -1.014106320682019516e-02 4.958771382131996752e-01
-1.143804771824163263e-01 -1.386555906170021391e-02 4.963882940022320556e-01
-9.422721626342862866e-02 -1.125184565069958266e-02 4.913476219491633157e-01
8.801664084739885263e-02 1.847113131177579443e-02 4.923375708665966854e-01
1.265820579764084519e-01 1.569821691774514125e-02 4.996217195100506880e-01
-1.055360860007879958e-01 -1.067650486789233251e-02 4.953087501024328043e-01
-8.250830335577109820e-02 -1.593571555312329330e-02 4.867687296621107107e-01
-7.328580150208381661e-02 -1.071935865179082618e-02 4.839152741423590198e-01
-1.007256530023983160e-01 -1.153641872963414618e-02 4.937039951099023716e-01
-8.616038114734171638e-02 -1.446107326700693356e-02 4.888368750015784636e-01
5.557097395382908783e-02 2.292220183852224438e-03 5.168382662031989483e-01
-1.276371657196391229e-01 -1.034267099303045646e-02 5.007963212641590722e-01
-1.502952204789765878e-01 -1.125562463416097080e-02 5.057412377696525185e-01
1.914884750076610020e-01 3.190080953025725002e-02 5.142052347084417052e-01
1.883966985210807632e-01 4.788668035914701859e-02 5.121926912704929391e-01
6.805984630407742320e-02 -7.048872384622965892e-02 4.795630349852491592e-01
1.303166966851136699e-01 -2.885685298958689735e-02 4.911558331906844543e-01
5.815157065668219438e-02 4.729567092682580853e-02 5.251784489368835906e-01
1.024195157437366444e-01 -4.049531750873867214e-02 4.488504403521096919e-01
-8.655689794202094112e-02 -9.692606432358516488e-03 4.900770365701688225e-01
1.196331887938777289e-01 4.047654597304037316e-02 5.020262371785748634e-01
2.911673770867219749e-02 9.637173683454126893e-02 5.519085482908444584e-01
-1.233917896208941017e-01 -1.031407352624643531e-02 5.003008393296357603e-01
6.361607389211411390e-02 4.296434268848695753e-02 5.179351597865243795e-01
1.237446004082612266e-01 4.155237978282609601e-02 5.016989269192625445e-01
7.043606947600400403e-02 1.928282311081738407e-02 4.990229521747376884e-01
1.392565295204888642e-01 3.818421080115320249e-02 5.050959837996513713e-01
1.204546848450038787e-01 2.701313489309612251e-02 4.984620814002063693e-01
6.371707784275656983e-02 4.266315966142658622e-02 5.192248274150234044e-01
-6.589452883992752419e-02 -2.582730652867457413e-02 4.732497118013157533e-01
-1.478761005812376517e-01 -1.307476914029505853e-02 5.050139390148921104e-01
-1.484559919173636389e-01 -1.236465009614668223e-02 5.037222837360256777e-01
-1.379281614851321502e-01 -1.600958675680842769e-02 5.014652231533537341e-01
-1.555081363305249043e-01 -1.154305543111940925e-02 5.058176262619996644e-01
7.242925077056097671e-02 2.100835323677389260e-02 4.947298638364305834e-01
1.936459338857509094e-01 3.429939623394308301e-02 5.155526811441862867e-01
-1.383333657241210268e-01 -1.622703566880263903e-02 5.006013324380458318e-01
-1.478565327182408129e-01 -1.251913239870192096e-02 5.049841451635386225e-01
-1.677260098488799478e-01 -8.103087406530348757e-02 4.833813076736891978e-01
5.667696260087486809e-02 4.920021915917159594e-02 5.263963757032029678e-01
1.475178319955880168e-01 5.169622289029193740e-02 5.070400007475486248e-01
8.370773033679804187e-02 2.313888122005856168e-02 5.058214558690842244e-01
-1.244319951322394313e-01 7.533683050410340531e-02 4.608405353924789893e-01
7.226908510669258212e-02 2.009071460932306680e-02 5.012061186359444420e-01
-1.196325246683869054e-01 -1.344724781414693981e-02 4.979534596656965406e-01
-1.636527395216892944e-01 -8.304850898794388647e-02 4.826167959629042992e-01
1.204376478763669045e-01 2.715637857662516266e-02 4.980251428867153995e-01
-1.055448323621934054e-01 -8.587104010821281289e-03 3.612521913658556794e-01
-1.557802955229501685e-01 -1.134809594198610792e-02 5.052485739215144545e-01
-1.117848145054714387e-01 -1.023475446461951342e-02 4.960836861069864434e-01
-1.600676928821463674e-01 -1.790449206883114666e-02 5.055861878924390318e-01
-1.287602930049160654e-01 -1.100363986065772300e-02 3.592708029227318356e-01
-1.158335009572987878e-01 -1.372684057684105639e-02 4.972858464949493906e-01
5.848895730115665631e-02 4.656944570498600805e-02 5.281247738305986372e-01
-8.820260045741414034e-02 -1.163572710054414962e-02 4.894001925401952335e-01
1.187148517370683332e-01 3.965990863420510576e-02 5.013644510752747196e-01
-7.234474430449046312e-02 -1.209542068380088653e-02 4.827373181099636756e-01
-8.684534852777905933e-02 -1.881049189360647564e-02 4.873149285562785038e-01
-7.173399465673965802e-02 -1.433276469661613414e-02 4.826408819038818243e-01
1.729070788324814645e-01 1.418971734980375640e-02 5.099793392384306401e-01
5.609285814296624539e-02 -2.894939386385097114e-03 5.263555158267020362e-01
-1.541514903787672974e-01 -2.136881987550105430e-02 4.230369106225499443e-01
-8.628127312984026909e-02 -1.777416142352275519e-02 4.875911689907077573e-01
-1.869362119248674237e-02 7.301931499705283102e-02 5.665797925218931663e-01
1.922475626870927545e-01 1.974806373956949218e-02 5.150291361537602253e-01
-2.813091584986746746e-02 8.953338407380849462e-02 5.602188937063177221e-01
-9.647817360795257757e-02 -1.078728532717693894e-02 4.927950384088619629e-01
1.408557992199321318e-01 5.329246898055006038e-02 5.066752089235091461e-01
-1.177503018940380675e-01 -1.338872210613502832e-02 4.981909327010062838e-01
-8.577921653209216735e-02 1.846825753422840291e-02 5.164285911974805243e-01
1.064881861195616231e-01 3.652246164875764395e-02 4.939138853126578410e-01
-1.540894493702429369e-01 -8.470828014852746501e-02 4.814194176038619211e-01
-1.244768758807341946e-01 -1.698947735970426226e-02 4.987821259561491805e-01
7.709931032684981533e-02 1.812517271277828620e-02 4.950380748127697905e-01
-5.570120151086122018e-02 9.518361043453538173e-02 5.691197935462051216e-01
7.619377873274293944e-02 1.840178571135176258e-02 4.970482408213965919e-01
-1.174913039476008086e-01 -2.873148672900173364e-03 4.989104247438306272e-01
1.154657796154875959e-01 4.565497377235950421e-02 5.021118231184772407e-01
1.182738326432540427e-01 1.804660507474364559e-02 4.960136348475835955e-01
-1.105239204637068762e-01 -9.850475301421825897e-03 4.964963869069972113e-01
-3.331505388133600143e-02 8.588841433897199951e-02 5.608195899619494718e-01
-7.955391339817163843e-02 -7.846059615702125414e-03 4.875179530387713234e-01
1.061414404464512407e-01 3.472817310038277955e-02 5.027060137105024973e-01
1.319304166894568475e-01 -7.524693517329042458e-02 6.472000116044185347e-01
-1.114424632886916317e-01 -1.854869278774604058e-02 4.952548679644437901e-01
-1.588919912135984547e-01 -1.509868338430581450e-02 5.059020636518394287e-01
8.075915143510381533e-02 1.833647000937992447e-02 4.927220980765206759e-01
1.817463875017806541e-01 3.441834315167049962e-02 5.137382920929209895e-01
8.095293603442804686e-02 1.839589066359116273e-02 4.913797753500139809e-01
1.769764564019902509e-01 5.446466701383706477e-02 4.996887103718253287e-01
6.382343798707182381e-02 5.169206785009632099e-02 5.228751917239548019e-01
1.934605221425641230e-01 3.468480116216477588e-02 5.155450166109006860e-01
7.043798707322523889e-02 2.796822870444982262e-02 5.049318611687734215e-01
-1.144308878003101326e-01 9.986582668139586116e-02 5.721313138584805946e-01
9.392179550910069452e-02 4.451025743967886028e-02 5.024614950677911418e-01
8.219467111023409656e-02 2.747357722731608512e-02 4.872399681593089782e-01
2.601966361003741138e-02 9.410430170408523587e-02 5.559237300092972900e-01
1.374870683867094878e-01 3.402010131814376531e-02 5.002336938441450664e-01
-7.615830208586081562e-02 -8.919851377643927756e-03 4.853364444938764732e-01
-1.028097255789082592e-01 -1.015111769766104295e-02 4.946665658741498106e-01
2.524413773390999163e-02 9.343935684822675392e-02 5.560503122942918042e-01
-7.126119676199643704e-02 7.056549530508722523e-02 5.732062712297940621e-01
-8.932945037885327288e-02 9.803370162334321125e-02 5.748754532525994776e-01
-1.401741098159972609e-01 2.000416643564388933e-02 4.538104758425773322e-01
-9.707776832601736072e-02 -9.921896190003737931e-03 4.936021876092878125e-01
-9.531373277248980647e-02 9.966883337345823490e-02 5.743733349927416798e-01
-1.162401064125274525e-01 -1.384564947940083827e-02 4.964820471863437557e-01
-1.564470267987806695e-01 -6.203427717068320593e-03 4.259428424833366922e-01
-1.168974741520251298e-01 2.406051831226692708e-02 5.206606948442495941e-01
-8.048669529932900302e-02 -1.311582325104383023e-02 4.852049027328502739e-01
-9.994346590471231417e-02 -3.765728319417704917e-02 4.909895052343430377e-01
-1.003700590200620052e-01 -3.775501430859895535e-02 4.911625679232985431e-01
7.006602035903415626e-02 2.660036169393493327e-02 5.047597345366553467e-01
7.892919911859143378e-02 -6.037077076107003754e-02 4.985415656281934060e-01
1.257985403828901505e-01 -6.477020546662119738e-02 4.747335931221712269e-01
-1.531152746068718470e-02 -3.011346740794076937e-02 4.555862441132089713e-01
-1.115616032976720212e-01 9.882061717457331362e-02 5.727147677575175067e-01
-1.994756066236672357e-02 8.493823729929005084e-02 5.590409731161555262e-01
-7.422751191619358403e-03 8.897259037244618918e-02 5.586557859740691745e-01
7.545172581863258954e-02 1.875390423001741663e-02 4.983887498655157344e-01
9.090819717586440252e-02 2.698548962555671546e-02 4.961729133187895435e-01
1.844620463193000770e-01 1.363422838390999751e-02 5.141050042240722373e-01
-5.256474954114498388e-02 -2.889881322263816027e-02 4.705796979453030215e-01
7.422157511965851717e-02 1.251847804347999346e-02 4.921601429386801563e-01
1.460094853214009558e-01 1.525007330772837691e-02 5.048608365788794794e-01
1.217244351362118115e-01 -3.394945356930687691e-02 4.837379533642533480e-01
-1.148264710763814006e-01 -1.076197720563270253e-02 4.966989607068179602e-01
-1.488876645255511784e-02 -3.252241714955327739e-02 4.513078372160207463e-01
-3.389698744757766585e-02 8.583478202820514491e-02 5.601694135074050118e-01
1.274680830135349607e-01 -3.809637909236419234e-02 4.875855573930140130e-01
-3.548714491555032130e-02 8.848750535206942325e-02 5.601740246247437494e-01
-1.049030868938681388e-01 -3.613760314885701430e-02 4.917260792723844309e-01
1.845606525446314428e-01 3.162197074386842444e-02 5.146288955587855485e-01
1.842147760596910544e-01 2.320867699748659779e-02 5.144452210279366611e-01
1.023578356571679671e-01 8.838169813484565707e-02 4.873987399035665247e-01
1.388056043154159702e-01 1.756072996216527862e-02 5.020971022662509275e-01
-1.143827284420442930e-01 2.422863907338447878e-02 5.214952632215199557e-01
-2.324744031536491850e-03 8.909204462647704603e-02 5.580158552180810583e-01
1.302292778387664773e-01 3.899437782867005292e-02 5.036194646184537493e-01
1.100808217597817468e-01 -2.910409081273932635e-02 4.714799125882120356e-01
9.117438189555583661e-02 4.057194494859939216e-02 5.009630786877004027e-01
9.132081732520944128e-02 4.005803328937847241e-02 5.028859839791908204e-01
1.184024057240296163e-01 3.181283469620856119e-02 4.986079011419829454e-01
-1.079064675940941409e-01 8.828365463562541648e-02 3.725471539198981774e-01
8.582787076131782877e-02 4.541697035101081165e-02 5.040098248749147469e-01
-1.094593696258328169e-01 8.911688898057880392e-02 5.748316505756249084e-01
9.124918406263596293e-02 2.620522226414920622e-02 4.987900278949189414e-01
8.186174939333787370e-02 1.868957611004975691e-02 4.910236082592456253e-01
2.676867228265873352e-02 9.049687286835975120e-02 5.561533650313071897e-01
1.287599435511066759e-01 2.462750319232014096e-02 5.009633495928650371e-01
1.288735734463571925e-01 4.398063417564118671e-02 5.040515679306051267e-01
-1.669441532997219813e-01 -8.343185550059235844e-02 4.834493436371981590e-01
4.770726590757362606e-02 -5.361554624395032526e-02 4.342618999530568069e-01
-1.184487468793419540e-01 -2.395954123668615765e-02 4.953959164538455084e-01
-1.294028952331081339e-01 3.160209417098052559e-02 5.202588571529024319e-01
-1.144506831805701813e-01 2.327809704461280410e-02 5.214653093921540750e-01
1.843219283697269117e-01 1.469955685483279213e-02 5.140333505875461784e-01
7.064891287244530471e-02 2.449892578414444855e-02 5.154118289166833566e-01
-4.066094156384569142e-02 -2.975948063200446053e-02 4.499192903965675838e-01
5.254888857434007049e-02 -3.297640109364624247e-03 5.465419885946531942e-01
9.114186193281151316e-02 4.002476806390853348e-02 5.035344430603635457e-01
-9.402021625114280468e-02 -2.503855505157066841e-02 5.050189210395656936e-01
1.182125394570990307e-01 3.165075121852581330e-02 5.000263078186473198e-01
-6.577291532261957466e-03 -3.927937518191886024e-02 4.418404799633366964e-01
-1.559577625414831741e-02 -2.944852239970145724e-02 4.542333511809500401e-01
-1.321080871294615378e-01 3.348787562121296330e-02 5.207408593281142029e-01
7.802464927691607488e-02 1.312752002969642430e-02 4.876971220736633361e-01
-9.264633643650455053e-02 -3.824509298580705541e-02 4.897254473997972868e-01
1.781868493997057767e-01 4.562923607537477250e-02 5.126559300207196301e-01
-1.027874883192379657e-01 -3.697993493178634156e-02 4.917911385932632329e-01
1.277233564331095861e-01 3.816753801330486501e-02 5.016965110128371874e-01
-1.138964285279761013e-01 -1.905632140987147116e-02 4.954059555961402017e-01
-9.373524831860384487e-02 -3.713656700838519759e-02 4.898486987810708460e-01
5.554614839352143424e-02 4.911791434466987460e-02 5.277814918775992625e-01
-4.002669049225266590e-02 -3.157456789846101175e-02 4.571182437020918643e-01
1.936411058639942728e-01 1.287559521156079329e-02 5.158857457815653191e-01
9.711230633309139715e-02 4.045162059843357416e-02 5.011339366638156712e-01
4.778695282558398372e-02 -5.379980634219437563e-02 4.381028894536378449e-01
1.823540220015215929e-01 2.414815813661449345e-02 5.146119755763428616e-01
8.391960184049139515e-02 2.161092429606478738e-02 4.930475298699196207e-01
1.145899739247094179e-01 -4.088311141078222050e-02 4.796503456071370408e-01
1.886316526887609202e-01 9.315333541818059462e-03 5.144755632344953922e-01
-9.216478525915246245e-02 -3.793040490865743491e-02 4.901888905437415955e-01
1.193979300711672520e-01 2.042819636826248911e-02 4.960173363767877430e-01
8.757492184630165377e-02 1.555945859712464657e-02 4.864840575148348667e-01
1.386291255534606304e-01 2.015592007241550840e-02 5.024535124327365043e-01
-9.818407159186086364e-02 -8.863701861894656212e-03 4.942295421827784807e-01
-1.034351999778107406e-01 -1.103171313479606175e-02 4.945804034370764879e-01
-1.483330125226037764e-02 1.616623580647784039e-02 6.128212739697669331e-01
1.025058638329357091e-01 -4.453091056431249251e-02 4.492542956129318421e-01
-1.243278296160958973e-01 -8.916144533601859726e-03 5.007234525248550616e-01
-3.230808343951877687e-02 8.092984444001015409e-02 5.622002280309206235e-01
1.714117971046607569e-01 2.018825918542370423e-02 5.121356673003151228e-01
9.139516889246585007e-02 3.170869669180149952e-02 4.989788379550748609e-01
1.311558231559463161e-01 8.585432715811829041e-02 4.755295082379281113e-01
-1.044589462600200719e-01 2.484295610248322614e-02 5.215442424591293369e-01
7.885852271074085540e-02 -2.147086695195708425e-02 4.117461776047390276e-01
-1.057666310637575685e-01 9.933495266488273634e-02 5.711740182867161009e-01
-8.141581171061750000e-02 -1.326509344359689396e-02 4.853569943289984812e-01
1.108590590965461697e-01 -4.751595857846963034e-02 4.595407233442639350e-01
1.854649030421162414e-01 3.493048894925013942e-02 5.142582831348528893e-01
9.817059704841041290e-02 -4.254499043743538433e-02 4.445230619507997138e-01
1.804986301812990801e-01 2.393856085813267712e-02 5.139615926762456377e-01
7.288011871913641082e-02 -5.906051922326920750e-02 4.931042789410941540e-01
-5.454120046457734683e-02 -1.791616998272223607e-02 4.707879126623937815e-01
1.337321910445330164e-01 7.318658762219193599e-03 4.969240217931644166e-01
4.307758727627857692e-02 3.169789820310606448e-03 5.837431039917229114e-01
9.384111864229142952e-02 3.574346487384494342e-02 5.004379151188000918e-01
-1.118046943386754866e-01 2.072216306066883632e-02 5.220956187631716761e-01
-3.212277361649205215e-02 8.014459305783884491e-02 5.614547272392440558e-01
-1.075339364747590482e-01 -1.495327757235019941e-02 4.949236632300416106e-01
-9.336962886686948904e-02 -3.865247156996851063e-02 4.896627665621754444e-01
7.124082929228525707e-02 4.487811854708188136e-02 5.137192930119871548e-01
7.605344700297547722e-02 1.685481221597736126e-02 2.462599017151535785e-01
-1.085016472545377170e-01 -2.527078685208111741e-02 4.935797429514561241e-01
-5.656744722040660950e-02 -1.741581319210792553e-02 4.712301467753293727e-01
-6.285900711535857832e-02 -1.725889327437397577e-02 4.770700910376691750e-01
1.033083212751590430e-01 8.856080038457497805e-02 4.851269632622412509e-01
-9.644951607356980205e-02 -4.065179673923906278e-02 4.902114201176556163e-01
1.229608815502307440e-01 -4.479720771300292614e-02 4.822110077102922943e-01
-1.766226529517110622e-01 -8.829333860380850219e-02 4.855701899855406900e-01
-1.593686312466551236e-01 -2.288427196952594680e-02 4.245788368617349762e-01
1.290927980154944754e-01 -4.010242034744307404e-02 4.883068125190570541e-01
-6.087463671997892650e-02 -1.487331018614959123e-02 4.773506782129864900e-01
1.371337132805466597e-01 3.251394176453314966e-02 5.031940375715523439e-01
2.038206184550749589e-01 1.465494605225977319e-02 5.177684354476437267e-01
-1.025653510689195219e-01 2.567977826996802049e-02 5.213936203867919339e-01
9.015368942066454006e-02 4.048498006838775060e-02 5.040789008761521472e-01
1.597849936881973465e-01 3.452243699605644228e-02 5.081456911582290514e-01
1.926176999574935045e-01 4.002162260667548738e-02 5.157769988739561162e-01
8.172953603337704265e-02 4.722288276283394259e-02 5.083396260207067030e-01
-9.085518417371034328e-02 -1.892121240305880484e-02 4.887837259866668616e-01
-3.481945607551457933e-02 -3.047907561923593467e-02 4.536989827599762770e-01
5.054406566207673285e-02 4.364390374727197125e-02 5.354001817881027803e-01
-1.026091889670573826e-01 -1.364905434826314302e-02 4.941715792039502730e-01
-1.075814949353274680e-01 -1.629527812891769581e-02 4.948639921124415864e-01
1.191742357863100482e-01 9.223344901832999931e-02 4.798544208520348353e-01
-1.064931461768904158e-01 -2.787984288176601974e-02 4.926265002475904153e-01
1.282367453864509399e-01 -3.433006921412840723e-02 4.881430994582277028e-01
4.917047289826199929e-02 -5.852225721257685309e-02 4.467176225201122119e-01
1.083590764429906705e-01 7.650986547987660702e-02 4.806417135029842358e-01
1.192881961244794814e-01 4.710846311758862953e-02 5.043140315424086140e-01
-8.918839989324722425e-03 -3.952351227946927781e-02 4.446483630158120648e-01
1.119268643081786918e-01 4.172318136717250575e-02 5.011916087060414027e-01
5.335956784584406504e-02 5.200409189384314762e-02 5.292989541410006993e-01
-9.951766663226613296e-02 -1.805784101185613569e-02 4.925053092398255505e-01
5.187303416029983433e-02 -2.977387048138749673e-03 5.561122595833080107e-01
1.192616194756936504e-01 4.733442528016632012e-02 5.036182404450980643e-01
7.622554548294385723e-02 -1.905122159848162203e-02 4.106665409729639560e-01
-1.589063014882850511e-01 -1.212603205131999179e-02 5.055433662842580000e-01
-9.231855050073450863e-02 5.134105017585435110e-02 5.111304332418452612e-01
-1.194458210327495051e-01 9.972997434029370889e-02 5.722230017323696183e-01
1.681840191933974271e-01 2.741227612025236640e-02 5.104716090623475644e-01
-5.575713029833993806e-02 -1.990551112639114828e-02 4.737059661101504227e-01
-1.464731245028699502e-01 -1.090904455553711253e-02 5.048920779100712908e-01
-1.106221572255353669e-01 9.402208091313170313e-02 4.107846669689717567e-01
-1.598938510442204364e-01 -1.131997786480537331e-02 5.061384736688823160e-01
-1.547643168301346406e-01 -1.953641971113728032e-02 5.051335566573191826e-01
-1.185489472778171738e-01 4.010960962033575244e-02 5.211286058133953736e-01
1.679742769514614986e-01 2.750338909713058444e-02 5.111374163983061214e-01
-1.608028077266285827e-01 -7.767908223367321618e-02 4.828819814135653088e-01
-9.130549205969699933e-02 -1.253725001625173932e-02 4.906697669001293671e-01
-9.848036531548011452e-02 -2.442313385079875054e-02 4.908329024959409703e-01
-1.673439949782414837e-01 -7.818867125946508956e-02 4.838675723538456985e-01
1.337207702921665020e-01 4.371719612683833828e-02 5.046072845187699052e-01
1.161689316069074995e-01 1.620396760100038802e-02 4.950778775851158442e-01
-1.131798529135338849e-01 -1.750225109553481262e-02 4.955985701752770867e-01
-9.155946006197236697e-02 -1.730488202801086506e-02 4.884707342727785950e-01
5.074488200865573395e-02 1.396008286622672789e-02 5.448383780437006108e-01
1.767676673302194801e-01 1.455541217047154681e-02 5.129930921738899974e-01
1.315690681415166707e-01 2.918355055078306060e-02 5.016226924748153904e-01
1.449671128386044727e-01 4.589065060912889127e-02 5.457165828215091441e-01
-1.671905205093952296e-01 -8.259570681118049915e-03 4.289144613365920011e-01
4.859775035414713035e-02 4.336555617815972957e-02 5.355275314721121838e-01
1.870961390158156490e-01 2.296127823891611422e-03 5.163685582635092475e-01
-9.846898236165979590e-02 -6.718812917956427239e-03 4.939231971889040396e-01
-8.291207683914555981e-02 -2.421633893135441418e-02 4.858405039040624152e-01
1.670424239228296970e-01 1.751510938931733624e-02 5.105741321137452493e-01
1.336689509326646486e-01 1.373054950906385345e-02 5.004357739746798650e-01
6.651336777982508330e-02 3.212636063187984670e-02 5.149215716718645863e-01
5.510037029619561239e-02 -1.756563456870204477e-03 5.107688858637179363e-01
1.903287861885827603e-01 3.608871748127957801e-02 5.149991008986029017e-01
6.966247947643579297e-02 1.454663246639249091e-02 4.979991858560728346e-01
-7.614757397716737097e-02 -1.565521185128492671e-02 4.835272434390581742e-01
-1.162029927074163110e-01 -1.739053531579951017e-02 4.960695326200504351e-01
9.276180322019521307e-02 3.961421512525739597e-02 5.026824709390539381e-01
-2.999284611813901602e-02 -2.994678476281352128e-02 4.498607004239721929e-01
5.490889531243454275e-02 1.611793093857261452e-02 5.310670795972251002e-01
-1.093871987042929900e-01 -1.198957025653161514e-02 4.959176869317892811e-01
-1.597978188885451900e-01 -1.139638517173666675e-02 5.063362670828220891e-01
-1.095760905647693434e-01 9.299430755560378348e-02 5.740492461812309877e-01
7.986002622709253984e-02 1.212217485497718572e-02 4.832683198740176378e-01
-1.669547163220780894e-01 -7.748730060484233795e-02 4.838832704147490449e-01
-8.370327147381216581e-02 2.085430513796861576e-02 5.165492675384764087e-01
8.882251309599438482e-02 3.190175035902738376e-02 5.009708007789869244e-01
-9.956661301864179470e-02 -3.042286355420376412e-02 4.902478753387992105e-01
9.340719923706480854e-02 2.785640438206479427e-02 4.958662206023994878e-01
1.524477983223466449e-01 3.144640190032805399e-02 5.041467902758789421e-01
-4.393798611250000763e-02 5.399737250487308959e-02 5.263047819880352085e-01
-1.415195379211074689e-01 -1.077291497424691033e-02 5.037298661618798690e-01
1.436261352909279365e-01 1.771692742391362679e-02 5.044246791799931184e-01
-1.296810244924913591e-01 -2.748776494971306647e-02 4.980251845992314519e-01
-2.892124443459649641e-02 -3.869749100375196021e-03 1.199755567628051495e-01
6.349656624484795175e-02 1.593378638150521817e-02 5.106904423880267441e-01
-1.121553884739774354e-01 -3.189997156273837592e-02 4.931470351634487659e-01
-1.155291374182375840e-02 -3.225690068034602759e-02 4.531325298938282398e-01
4.788674961394545626e-02 4.271336586165366822e-02 5.359148750130833250e-01
-1.682535736656776137e-01 -7.833381414640658291e-02 4.839575470936629542e-01
-1.526953035343536769e-01 -1.370368411200009739e-02 5.055615150707101213e-01
-7.308880296887937389e-02 -1.651530617822500810e-02 4.819704159055862580e-01
-4.719349764946220716e-02 5.233171488575388830e-02 5.262016637602807689e-01
-8.315472383770530773e-02 -1.211330471849480714e-02 4.866532169182115064e-01
1.407911781230662129e-01 3.180769938270029684e-02 5.041343508938698204e-01
7.667851223565080865e-02 3.491413190871224537e-02 5.020082252532298561e-01
1.361395522564848026e-01 2.729262677188686037e-02 4.997110666691317871e-01
1.348719449833980233e-01 1.319171720021693542e-02 5.002833919583903333e-01
1.886358434113274973e-01 9.219157549002461940e-03 5.145526935203215135e-01
1.466004512240019209e-01 8.005228094460021052e-03 5.042531353350999668e-01
1.189724568129567894e-01 -2.972314655106289560e-02 4.833186826392781854e-01
4.245071403153894557e-02 -8.167425909037044282e-03 6.235782277178013588e-01
9.250488698202279092e-02 4.566882251549415211e-02 5.042729781500999708e-01
7.700143733103800847e-02 2.268206378643027391e-02 5.003807250878747892e-01
-1.901502496662855687e-02 5.184560774374782910e-02 5.395523201979168793e-01
1.845754750199729011e-01 4.543047330051525751e-02 5.133196846870790031e-01
-1.996935988655357264e-02 4.727685970764802098e-02 5.858550261835155926e-01
1.451763649472137541e-01 8.706393242797144660e-02 4.697316815759541297e-01
-4.916090052887902434e-02 9.220067494662920193e-02 5.097754763266397759e-01
-1.080666721172675454e-01 -2.846065354971999417e-02 4.278741933116311236e-01
1.310740761562057821e-01 4.477269524196043904e-02 5.046144876627789433e-01
-1.612657305236161742e-01 -2.444375828339592424e-02 4.247829700234697636e-01
7.169979014919650173e-02 2.715359949826587002e-02 5.034266091556497402e-01
7.375003544470670747e-02 -2.468567128744778710e-02 3.983878990014942945e-01
8.841197951405019295e-02 1.294570234474667556e-02 4.853086877657697973e-01
-6.732886119276380865e-02 2.910400203414913525e-02 4.614788758719152728e-01
1.449328585799178892e-01 8.700016026968772354e-02 4.705079794499640311e-01
-1.005798544392591948e-01 -1.697477536550213995e-02 4.928172960277358294e-01
-8.310456287777751028e-02 -1.145804573102228267e-02 4.868002624315685978e-01
-1.610350073970618079e-01 -4.520796217471414330e-02 4.776063643233584011e-01
-5.500851507701497861e-02 -1.497157694067671393e-02 4.769767125288987275e-01
-8.853417797933411937e-02 -3.134509200351529717e-02 4.851424955226221747e-01
8.569163156120390701e-02 -2.718004636625661122e-02 4.232800063035077609e-01
-8.977554930062960070e-02 -3.281868163025861845e-02 4.857720688207378124e-01
-1.193749075328116582e-01 4.040509363191050612e-02 5.211315578435898876e-01
-4.375286523235432518e-02 5.375304797054297756e-02 5.263910343534754510e-01
-1.092621573099530480e-01 -2.999031021023189705e-02 4.291003814467231336e-01
1.428404492067844589e-01 4.622990961874785115e-02 5.068701936640513939e-01
7.147799538291232935e-02 -5.615095072926161446e-02 4.922098379224460474e-01
-9.915245031442873613e-02 -2.948180799007856998e-02 4.902361783618484625e-01
-1.697287484816601411e-01 3.946177859145756639e-02 4.602840071183714188e-01
1.532416069748498699e-01 -4.411215783192150991e-02 4.952229399513136676e-01
5.180257459865580255e-02 6.081424971716389849e-03 5.422484498681873211e-01
-1.575139541275217547e-01 -4.659574259645159200e-02 5.026824166434598062e-01
1.012845096803393907e-01 4.620793130420085271e-02 5.030681447818705632e-01
-7.752093421608455270e-02 -3.047832982847421129e-02 4.802813880389530943e-01
-6.310283429552906347e-04 2.645126165479819505e-02 5.474628354611673631e-01
-6.371047369497091772e-02 -1.508421564876349756e-02 4.781399764538100117e-01
8.181521392118676350e-02 -3.099847626889022309e-02 4.170442781597078485e-01
-1.336211352133482855e-01 -2.727554792218354549e-02 3.578228129633231891e-01
-2.599592232344028614e-02 -3.086269967855218704e-02 4.515680212623436884e-01
7.406749488112819579e-02 -2.338815620774379808e-02 3.980658692656102726e-01
1.257226694925935861e-01 2.935874572786961734e-02 5.018698609840421820e-01
4.902558881421856946e-02 1.508529055970263093e-02 5.485119455277379652e-01
-4.302603968808279417e-02 -5.579195419723792515e-02 4.300179683205042069e-01
1.387505999881604168e-01 8.026565410291671560e-03 5.002560099554322903e-01
1.429854611375851736e-01 1.950695734311907320e-02 5.015092106350661494e-01
8.026601473521155494e-02 8.784560450653280603e-03 4.787258728731875745e-01
7.248552685580811339e-02 2.118083127934823270e-02 5.043191702772260587e-01
1.015396113473217565e-01 -1.773197107694144542e-02 4.704175218009103987e-01
1.286426038117285398e-01 8.581225758516537738e-02 4.756108997834599394e-01
5.492681165088733608e-02 -4.754636147747045433e-02 4.604615784439718418e-01
8.438263248079418133e-02 -3.278826140908343983e-02 4.210268863136621964e-01
-4.744310030872274375e-02 5.140691280818935477e-02 5.262457436051624082e-01
7.995338998994577784e-02 1.183434791155922247e-02 4.847063346252176719e-01
-1.501277034572081337e-01 -2.940645692097632394e-02 5.031843312987253070e-01
-3.101960222614556784e-02 8.826387769821096574e-02 5.604069070447700307e-01
1.887717632959862724e-01 3.676050076151623353e-02 5.151523086702218812e-01
1.715227868107383480e-01 2.092618483435823573e-02 5.103045189922286173e-01
1.303827568225791600e-01 2.737716529674720164e-02 5.015314986336746328e-01
5.331421001560454620e-02 1.318785102609140378e-02 5.371605952230653624e-01
-1.580326355233952484e-01 -1.129302645972543422e-02 5.062378462063816809e-01
5.177298183980540841e-02 -4.941385791485074057e-03 5.618776704834551605e-01
-5.543820604578778705e-02 7.675141953543433704e-02 5.752656359787655660e-01
-1.464303785248575185e-01 -3.587101327292300385e-02 5.025214356376185298e-01
1.227820398437056704e-01 2.337866398598979073e-02 4.990080481228684750e-01
2.126778128253683786e-01 4.279189021649638935e-02 5.105820163906824583e-01
-5.975762309153261759e-02 -1.436534509266729209e-02 4.866648991930928592e-01
-1.052194043907190152e-01 -4.220642985395733210e-02 4.933326920379064728e-01
1.879542536724760349e-01 1.910812942240056045e-02 5.147318885183274073e-01
-1.471215838967754597e-01 -3.695186694736440208e-02 5.029379278469681136e-01
-5.423228804579979800e-02 -2.224470331159277697e-02 4.692014193698712532e-01
1.219830479738732015e-01 8.963467576503786338e-02 4.768168531797452037e-01
-9.180722580911081232e-02 -3.562142671076530542e-02 6.208897598212090863e-01
-6.925989062952096764e-02 -3.037828388186243622e-02 4.796068871273434508e-01
2.642678322184284848e-02 -4.477873306506396922e-02 4.062748725997653021e-01
-1.164384685385107254e-02 1.380956098095322687e-02 6.661281148852348233e-01
4.640093421786204569e-03 2.205154813742746939e-02 5.554674682475992942e-01
-7.321974597733328649e-02 -2.256197595767863578e-02 4.810527677079187159e-01
-1.607625506442954821e-01 -2.500142971616168067e-02 4.259086184093319183e-01
-1.200120641473845229e-01 1.956903655905687170e-02 5.220473670473451122e-01
-1.556654791031481522e-01 -3.495559627545787029e-02 5.029928615759298172e-01
4.615559088940292265e-02 -4.467253299293001689e-02 4.286672902439719324e-01
6.051077683030375159e-02 5.319719584686823100e-02 5.227614237748858805e-01
-7.141110908520582889e-02 -8.518480745251588021e-03 4.849485347431458648e-01
-2.629786674226397905e-02 2.672373709712723075e-02 4.577606998095378743e-01
-4.279803042211165198e-02 -5.441502294721003996e-02 4.291783087920856277e-01
-1.767461554437469717e-01 -7.885853021123548356e-02 4.862483890991644020e-01
6.691455700281136176e-02 1.145472405640529656e-02 4.957933575415880423e-01
-1.602081826612691828e-01 6.469277038214402142e-02 4.830083919137860282e-01
-6.910491953419067857e-02 -1.180337943208868701e-02 4.822530851929932028e-01
-7.013866373407939836e-02 -2.400919550058275981e-02 4.803367575493583952e-01
-1.072860584575152654e-01 1.913313932975711784e-02 5.209098736070436608e-01
-6.968783204134595954e-02 -3.044362587148042795e-02 4.781755288115370761e-01
1.116239414068245506e-01 -5.462678533987973262e-02 4.614841825219234694e-01
-1.070170600608607442e-01 8.975189547905922105e-02 5.749756318578042036e-01
8.263488578574085253e-02 9.777565500110111524e-03 4.799685051304344308e-01
5.149347185067489063e-02 -4.915767660958790010e-03 5.622756144044239734e-01
1.098229012720684517e-01 1.939971443819167932e-02 4.933839280511954084e-01
3.169506297741061726e-03 2.289381125110727735e-02 5.545665719325256759e-01
-2.592379558069349971e-02 -2.584081262732781242e-02 4.490052424304100676e-01
-1.024946631220252230e-01 -3.084854083839349073e-02 4.908793714483255521e-01
-2.638154347812187578e-02 2.641671882367970306e-02 4.580388601298530094e-01
8.823199569390764718e-02 3.292474672888476284e-02 5.018126699917024869e-01
-6.981074599260675417e-02 -9.370287309538965353e-03 4.832401617985774833e-01
-1.548660003229073712e-01 -3.640599895446571671e-02 5.027591151652239798e-01
1.633786564643878447e-01 9.522582970020462834e-02 4.577020538857729526e-01
-1.360960758451738029e-01 -3.015707486155061109e-02 5.642367809327111239e-01
-7.249103367692681654e-02 -2.489278404861016911e-02 4.803225727691509683e-01
-1.124804366204568556e-01 9.079930512792702690e-02 5.746277067316593046e-01
-1.776257397254978332e-01 -7.885742768749591514e-02 4.845640203646781607e-01
-3.230399414953431109e-02 8.320819491468103846e-02 5.603074230321372085e-01
5.332169408320099058e-02 -6.350193628254915956e-02 4.565311439093863166e-01
-1.006640319007770235e-01 -6.463514430583868105e-03 4.946311574506190856e-01
1.674442360138216901e-01 4.151153754696829817e-02 5.103987628239621266e-01
-3.089993954359160355e-02 -2.193916708327193349e-02 4.611053428904085538e-01
-1.308683850458195186e-01 -9.561035700760826817e-03 5.022199612109635725e-01
-1.037112448987777547e-01 -5.650617762980247698e-03 4.954203408318478274e-01
1.641175651755708564e-01 9.624751789275225178e-02 4.536414456487861124e-01
1.625976218401594953e-01 9.510201008978534654e-02 4.599621023068068415e-01
9.776878928007216862e-02 3.763464418029143638e-02 4.998423983611232080e-01
-3.422157518829757605e-02 -2.918575034459136575e-02 4.472969039472808328e-01
-1.596750209241376839e-01 -8.544294629561163812e-02 4.820934906830477429e-01
-3.442830960402975399e-02 -1.786784543218701907e-02 4.693827495029117003e-01
-1.476844957409648162e-01 -2.841721490821463511e-02 5.032928211954166287e-01
6.338340219810487119e-02 1.576870161798936756e-02 5.121212150742577851e-01
-5.275719899036960397e-02 -2.300280488867244635e-02 4.689032058955041049e-01
-9.011095952037495582e-02 -4.073687766794633486e-02 4.874234528735299499e-01
1.219099848789506058e-01 -5.231907920093301773e-02 4.730988393516969981e-01
-1.461034567903062020e-01 -2.873012975021359619e-02 5.033224919820459275e-01
1.585424543215571691e-01 -4.424699492601258388e-02 5.450406550378564807e-01
8.429092432179781380e-02 4.660703247913674380e-02 5.065212386664715849e-01
1.359949328864308027e-01 -7.071803672012429848e-03 4.980845813466678318e-01
2.152447415145395671e-01 1.294211259460733253e-02 5.200431107788873186e-01
-1.336387860903644753e-01 -2.765601375609443718e-02 4.985882350299803978e-01
3.131974860058929500e-02 -3.177343179557367420e-02 3.393342156558334932e-01
-1.701112503541928334e-01 -7.792119975985381530e-02 4.844742633197069437e-01
1.322775247100422269e-01 3.964243960129454347e-02 5.029844519182116169e-01
1.901312127445122513e-01 2.449275832495612787e-02 5.161965708424132160e-01
6.359047764371331124e-02 1.750974245765520368e-02 5.114707830563024471e-01
-1.138942026794440288e-01 9.149146406466276971e-02 5.745331302052043565e-01
-4.725025008903777080e-02 2.738164892927239316e-02 3.827545847994591188e-01
1.322692129972472264e-01 -7.832148948377706810e-02 6.416977145924095405e-01
-1.038385413917385369e-01 -5.601239369998738289e-03 4.950820214326777657e-01
-1.607899696094226005e-01 -8.507882494905255610e-02 4.827740652139225208e-01
-7.060007835085682637e-02 -3.189007024520252448e-02 4.784830195359681126e-01
-1.041292269403646664e-01 4.552858622224047191e-02 3.242007010572556802e-01
1.365648851712217837e-01 7.953328528951299214e-02 4.458958615628070277e-01
-6.678152284737152999e-02 -1.511351157156559134e-02 4.798327335946140915e-01
-3.655172007368748949e-02 -3.680346972506044756e-02 4.681711454389599902e-01
-1.094847664975488882e-01 -1.751951512504171943e-02 3.639044535584078366e-01
2.000352679622230123e-01 5.215288303527177566e-02 5.128695167314173409e-01
4.720118805320219074e-02 1.586629133739963365e-02 5.525559483338191580e-01
-1.256958799512396807e-01 -1.268074210960666928e-02 4.999937937881886452e-01
-2.300134637749198102e-02 9.280732645662084779e-02 5.583419042678139377e-01
7.924449180132155102e-02 1.032166621326481397e-02 4.846761149569396299e-01
-1.717177520729280815e-01 -7.812900233160356700e-02 4.846486112499887033e-01
1.359765843485446768e-01 -1.073911997891260038e-02 7.098198096329989548e-01
4.430863082325293967e-02 1.402470751387569978e-02 5.648240405886381099e-01
-1.451174237477484696e-01 -2.889342865708699470e-02 5.029354292019245776e-01
-1.461060297890049986e-01 -7.334541715470399049e-03 5.062335896917553590e-01
2.361678552572124209e-02 -3.935621365661395865e-02 3.884224018794303901e-01
7.201824358476305830e-03 -4.258078141686327811e-02 4.287946827714983478e-01
4.813228254940249418e-02 -4.568974357354099736e-02 4.387723588892821214e-01
6.747182429350426745e-03 -4.318513423572627186e-02 4.328840433383373543e-01
-1.171947349863395466e-01 1.056439321163422929e-01 5.714466025664767246e-01
-1.665994281026709212e-01 2.317724376945144715e-02 4.988068041112778683e-01
1.220080372743890668e-01 -5.257047772946262659e-02 4.699122672002739032e-01
1.091932192493229176e-01 3.475622165180624473e-02 4.993375311217243540e-01
1.220792124006314927e-01 2.168234817826111827e-02 5.008806820716468211e-01
1.353117385259860195e-01 1.965193696510486934e-02 5.026465852931182310e-01
1.098360286162144150e-01 4.229914977455077364e-03 4.880779858503443980e-01
-1.244518714662996017e-01 5.774039251119709310e-02 5.219969316185775199e-01
-3.508436422325832832e-02 -2.192040618307889571e-02 4.661164123199402209e-01
-1.597000646407567906e-02 -4.243032747611313188e-02 4.536800544050306749e-01
5.199671266604350035e-03 -3.604935168311720201e-02 4.376058035314133732e-01
1.033052939505485768e-01 4.929558939493522418e-02 5.019809536721112631e-01
-7.254921360067662084e-02 6.748754247978321075e-02 5.758317456988729655e-01
-1.664291199462623050e-01 4.343258276312262495e-02 4.604661719461422553e-01
-3.425249635117798286e-02 -1.717792512673803340e-02 4.697472957437591745e-01
-1.053492713479373399e-01 -4.134250161678663937e-02 4.937303300492456026e-01
7.581677653551540351e-03 -4.273406736795164196e-02 4.319596493626184364e-01
-1.665742749366422304e-01 4.330823569053255523e-02 4.602477472507004452e-01
1.887257383463690763e-01 -6.885056943645739835e-02 4.693081437834448200e-01
-9.186622070426028741e-02 -4.096084104750248589e-02 4.888501386471489352e-01
-1.606490781362038822e-01 -8.918916582579927699e-02 4.820909402068852545e-01
1.269201428481524577e-02 -3.901512050422633465e-02 4.374660178039001535e-01
1.167280682276973652e-01 2.699106596010598241e-02 4.982923795497616326e-01
7.055308751946304247e-02 -5.506348552778023847e-02 9.317635589660873130e-01
-8.565563370785830855e-02 -4.028202578274097528e-02 4.851013606585063975e-01
3.624622366527249090e-02 -3.697117140552683145e-02 3.794229592770122506e-01
1.536716237365060855e-01 2.586051454733676036e-02 5.067153186536837994e-01
1.661318380225390856e-01 1.064641728581794573e-02 5.104671027576161979e-01
-1.763782427850809909e-01 -7.928907197322672407e-02 4.842001969548060392e-01
-6.402982098572537750e-02 -1.484823711609262013e-02 4.769929661739167326e-01
-1.755432946517658799e-01 -7.929290571204525295e-02 4.858051431740703086e-01
4.512585049686120009e-02 9.034807340270081377e-04 5.831045817845011969e-01
1.711110093722161551e-01 -1.316730199967710907e-03 5.098523546280039342e-01
-1.264405350809507389e-01 -4.499069636982092057e-02 4.973269013087704415e-01
3.051299090797700286e-02 -3.223491826365444679e-02 3.418474881544139032e-01
5.314474575904756630e-03 -3.587723521784114133e-02 4.388378654477385066e-01
1.574356924413673475e-01 -1.390219012551649827e-02 5.058956227991729948e-01
-1.491852978205864821e-01 2.124562220400864551e-02 5.232423959866180363e-01
-1.083770098281018335e-01 -2.707157248109880524e-02 4.933822432680439185e-01
-8.137013144790763985e-02 -4.479341907277754192e-03 4.905159717422338805e-01
1.339334991514940509e-01 2.956749363549101423e-02 5.034251098667142932e-01
-1.218578143791225754e-01 -4.294698218432960873e-02 4.983698944153343025e-01
4.832775992911078622e-02 1.420694502744307029e-03 5.688213211599711938e-01
-1.140541712507517763e-01 9.172155453136736358e-02 5.740956305547665339e-01
1.531665123202149148e-01 8.720215084044165288e-02 4.693118305190642214e-01
-6.765813269439238664e-02 -3.850638130785569158e-02 4.792823259971639716e-01
-5.139959655154966237e-03 4.917049037914160425e-02 5.394064584713900157e-01
1.361481477815743857e-01 4.606389115362059805e-02 5.053899718651608808e-01
-1.018611465782542913e-01 -4.107754769262844663e-02 4.912432214374543027e-01
-9.737646713454163605e-02 -1.816299253852101878e-02 4.920914074196691690e-01
-1.779893359352303639e-01 -9.016061261273293492e-02 4.748043932157275382e-01
-5.118594771382736081e-02 -2.291411975752406099e-02 4.696150546638412915e-01
-9.092515752200089341e-02 -4.606579040378713102e-02 6.218673309108618819e-01
-1.780925985197696071e-01 -7.927891754745867992e-02 4.809053661392733159e-01
-1.747147508936535143e-01 -9.011691572633169500e-02 4.811044332295475456e-01
4.856613100884470124e-02 -4.428039723126937083e-02 4.403972824557038090e-01
1.064876537991857886e-01 -6.192707360708988445e-02 4.156433998397868756e-01
5.242245874401327971e-02 -4.526579252779577844e-02 4.549814429691939055e-01
-5.274461439481804154e-02 -2.317451201942391861e-02 4.689779395692730279e-01
1.649684515728339906e-01 1.218494661181122353e-02 5.107695892951122918e-01
1.132985112277941908e-01 2.633570632758809593e-02 4.969991406013951618e-01
-1.466505270577812547e-01 6.145228244487368346e-02 5.137735071621546412e-01
-1.435013833584492526e-01 6.329489057065008917e-02 5.130815650493155688e-01
4.709195341984379751e-02 -9.284522274710904979e-03 6.346944501395083149e-01
1.252217900029849174e-01 -2.550538725096963139e-02 4.889223963301154718e-01
5.665006606656603633e-02 2.621977871805011504e-02 5.267771777876548711e-01
1.461561924835397541e-01 9.596436960134219598e-04 5.017364276421869551e-01
1.115173631372163993e-01 -5.465108437134426345e-02 4.642095950857030306e-01
-1.771855812603753411e-01 -7.929044815225304299e-02 4.826454207984525180e-01
1.720064962751934601e-01 -2.424473422843047635e-02 5.054892668480450713e-01
-8.184011304858242186e-02 -3.558346453831282442e-03 4.887226646154183562e-01
8.242243108399385787e-02 -2.967112260457863485e-02 4.156489389571889070e-01
4.868999034018716560e-02 4.266584174912795534e-03 5.612973566412309268e-01
2.095397816098119315e-01 3.870835635889643966e-02 5.110733813544150461e-01
1.522138982998763601e-01 -1.773396355050792586e-02 5.042165368019462246e-01
-1.110301706188487475e-01 2.767306871525419126e-02 5.215679069233644105e-01
7.423425481032548678e-02 2.396598456462810736e-02 5.054774575418894411e-01
9.246366649679788052e-02 -3.686416664019971645e-02 4.339623662157074402e-01
-9.032803805241518269e-02 -4.003624024963893524e-02 4.869195740646362625e-01
-1.053152106299998086e-01 -4.379150936114464127e-02 4.924976200743295673e-01
9.728325351821241751e-02 2.700024357137668918e-02 4.948233406826139102e-01
1.094920433844741026e-01 4.910263459672318392e-02 5.038527487592855403e-01
-1.731313335634239448e-01 -9.009158572159452205e-02 4.841520306721044387e-01
-1.167392156455679397e-01 -4.310678030524459081e-02 4.941264707952164881e-01
9.567589116855604314e-02 -4.017464709986942606e-02 4.395886495391087556e-01
2.628942893934482772e-02 -3.954572810988170664e-03 6.017009126373130679e-01
6.460647411896537629e-02 -7.215596513275912560e-02 4.754820706857990631e-01
-6.884398062609040081e-02 -3.830540797767408023e-02 4.753039763737680889e-01
2.733561369741747266e-02 -5.855904474271358268e-02 4.341390592807343185e-01
-3.472934126909640179e-02 8.392736848195284094e-02 5.609973898064596343e-01
8.600858601924148139e-02 2.131925764230715309e-02 4.948999164402447248e-01
-1.100005952605162679e-01 -1.735372978172589412e-02 4.952036581292666995e-01
-1.464569519567477385e-01 6.240399052075475128e-02 5.135139135271018507e-01
6.595356109986547132e-04 -3.445028353622771322e-02 4.412440468748545230e-01
2.529052644264891819e-02 -2.965899689139172082e-02 4.364251555637123636e-01
-1.666217710925185502e-01 -7.819671947857349814e-02 4.853040123925395077e-01
9.381443815166198852e-02 -3.812711243980010378e-02 4.358058748697288265e-01
2.140188361626955138e-01 3.899873085238617088e-02 5.100178991045156707e-01
4.895425342192988999e-02 -4.560834315971173947e-02 4.409963589155801444e-01
-1.753246877147490168e-01 -9.083740392071158742e-02 4.779628904620522034e-01
-1.615044861858150049e-01 -2.414298489841642734e-02 5.064137701414060944e-01
2.249064046976083087e-01 2.777565082236050156e-02 5.318069426785129172e-01
5.004814652124068425e-02 -7.413147755053253567e-03 5.552429132212783891e-01
1.508854082141671271e-01 1.226597417207483769e-02 5.049524112369946360e-01
-8.424826734064938538e-02 -4.048143334037974245e-02 4.892843832148400796e-01
-2.494428755364423711e-02 -2.644858677621204218e-02 4.537771081321938516e-01
1.157254976847918032e-01 9.497278102302697533e-02 4.838734918925214346e-01
4.892824382342093187e-02 1.279251612057438498e-03 5.661587807563616126e-01
-4.990030572779113535e-03 -3.116729781473288191e-02 4.477569551905241640e-01
-1.113365589542966161e-01 -4.617041416239337642e-02 5.054617492690632874e-01
-1.667079406642721362e-01 -8.912793665561462297e-02 4.826145080634691720e-01
-9.486925666699599913e-02 -3.501203710024427401e-02 4.903825603231667385e-01
-1.366970254144815877e-01 -1.972908427804009879e-02 5.010566667200186952e-01
-1.706531986506633902e-01 -2.321457573683862255e-02 4.882731372349978227e-01
-1.152998514286900505e-01 6.501934582082162517e-02 5.254537363803977179e-01
-1.492539614264971892e-01 6.404958764565936435e-02 5.142728493257765487e-01
-1.209291443090243778e-01 -4.662434068270272791e-02 4.983740776161659225e-01
1.930427330584284090e-03 -4.193781249569508013e-02 4.450064813609526104e-01
-1.691672781992450969e-01 -8.950875229269693312e-02 4.831629488529463057e-01
-1.030895376512525330e-01 -2.312137333388147517e-02 4.922843311659848009e-01
1.847235167429494077e-02 -3.614750741396195732e-02 4.146475012091179191e-01
-6.603102750005516997e-02 -3.832686595778574123e-02 4.788237377222051006e-01
1.646529833749532101e-01 -3.282102512005707906e-02 5.013419360863141661e-01
-1.658808074844965175e-01 -3.397203118821459297e-03 4.298633481322633454e-01
-1.406262481286936761e-01 -4.368154328170749390e-02 4.923246012469679744e-01
2.140275327459258137e-01 4.574154178156455280e-02 5.099932537220975837e-01
-2.963720431780101847e-02 -2.362760633727135559e-02 4.614731666062925619e-01
5.179046982967656226e-02 4.943389817621791915e-02 5.311213808713356466e-01
-1.713453911229345650e-02 1.481538864644962959e-03 5.406725303881777522e-01
2.120067204556265461e-02 -4.979684645192140879e-02 5.589540011732624381e-01
-1.256548419330521527e-01 -3.849707841365645339e-02 4.958333998176627233e-01
1.521940658693234361e-01 1.801741862226006671e-02 5.055672965951955034e-01
-8.840191725259330391e-02 -4.373565156430102296e-02 4.871953916384328398e-01
3.755748444898359198e-03 4.532365042759253088e-02 5.447150671290643675e-01
-1.271648562814826355e-01 -3.866399266271324658e-02 4.962103298440419530e-01
-7.003914409724767975e-02 -3.809799297292418979e-02 4.712951642476634895e-01
-1.664721257340480709e-01 -1.758514145289043901e-03 4.327822636574148452e-01
-5.733151964863528183e-02 -4.028506918076411869e-02 4.674699341003835107e-01
-1.430976755379481935e-01 -4.922164261745248098e-02 4.991091803529315030e-01
1.952133109646785325e-01 2.155054046850474886e-02 5.158590339708943873e-01
-1.033319234707788942e-01 -2.686946505879278871e-02 4.916668042568242414e-01
-1.610815331547879037e-01 -1.377219444769673708e-02 5.060781877374179727e-01
-1.208345181552824138e-01 -4.496650037728868593e-02 4.944855002245038822e-01
-1.751996148783910023e-01 -9.107128085321244959e-02 4.780505872145096591e-01
3.190856897114861118e-02 -3.317356535879902729e-02 3.453920239870067466e-01
4.040572434323521506e-02 -6.044619109154826531e-02 4.528697560356684249e-01
3.986318049588146589e-02 5.134002385630660054e-02 5.383729381407846848e-01
-1.117776255403558350e-01 -4.576200280595259240e-02 4.948043535353077171e-01
-2.340577056188167943e-02 -2.513214159673988340e-02 4.337097713905673224e-01
-4.031785107768180720e-02 -3.194981147731098398e-02 4.534682161930577715e-01
-1.237322632871522415e-01 -3.843466025170978739e-02 4.967186326191908030e-01
1.228908838453510455e-01 -6.865962886998942805e-02 4.779522877810335468e-01
-1.145475544818609359e-01 -4.495426360193742477e-02 4.992964657521414273e-01
-8.059250772659860840e-02 -3.666535746186111444e-02 4.825954871538259416e-01
1.361195658710466772e-01 -3.234037156406706359e-02 4.928800329304288130e-01
-9.278216529203932306e-02 -5.347268681123416162e-02 4.838381811183729009e-01
-1.404566938518931885e-01 4.092169554308049129e-02 5.106447986992491694e-01
-1.025690106989474715e-01 -4.491595825018180471e-02 4.910685951202019006e-01
7.776161160242922588e-02 -5.913708526125480147e-02 5.039942940421848760e-01
-1.122351849571735505e-01 -4.570519675568771728e-02 4.936490616756720184e-01
-3.982012103141315679e-02 -3.206159614879863090e-02 4.555993589496580842e-01
1.560466931993587103e-01 1.603400690703264686e-02 5.070262671136726018e-01
1.672504344816768129e-01 6.337608533426880575e-02 5.025247794488926223e-01
-1.722392015410985910e-01 -7.880068303174131428e-02 4.846998760932997308e-01
-1.470448689477792115e-01 -4.954476041498991762e-02 4.990886862258868129e-01
-1.118336042131238689e-01 9.717794132818016739e-02 5.727319976110208932e-01
1.517479050010611397e-01 1.838955500983660910e-02 5.063792733543601710e-01
2.157306395895142170e-01 1.392758078388551396e-02 5.200460204057469893e-01
-7.259423646408416642e-02 6.241831008296534061e-02 5.272719702717973966e-01
-4.289091381146035997e-02 -3.021961746113361810e-02 4.589867849276905720e-01
-1.555930177538140669e-01 -4.537965628804801338e-02 5.023514402239750432e-01
-1.530805963281199958e-02 -4.265636131703727518e-02 4.527032374256967917e-01
4.364064346489943125e-02 -5.185227746644024971e-02 4.365098829669981084e-01
-2.982943639026597316e-02 4.570282071417685471e-02 4.682410410091307762e-01
-9.636698450363202773e-02 -3.476830776692379360e-02 4.905596639103373957e-01
-1.134758064535204142e-01 -3.745599579211799507e-02 4.911760186448462240e-01
-3.300460023915603724e-02 1.678011076296630905e-02 5.395946340987662904e-01
1.123910435101718426e-03 -4.139775737636897102e-02 4.425636328532797648e-01
1.825942266627978983e-01 3.793782001854612007e-02 5.139760603407204087e-01
8.278560242743170094e-03 -4.157817821618759596e-02 4.306731875146236899e-01
-1.697841311263571795e-01 2.266242155620333196e-02 4.928582303721984470e-01
-6.735520917516747696e-02 -1.291156445336884458e-02 4.808857926642209346e-01
1.674311709674992377e-01 6.339016432948310631e-02 5.019957989377410446e-01
1.404626201105642069e-01 -7.239238580868017151e-03 5.004659487451880162e-01
-1.060209250499726114e-01 -2.117944314733995193e-02 4.933647666684571886e-01
1.530640787892930677e-01 1.062067518809842702e-02 5.057721238962874510e-01
-1.782043472369084502e-01 -7.936456717112418124e-02 4.806448818483207153e-01
5.053530358070142114e-02 -8.320783565931138756e-03 5.623113702997746266e-01
-1.012581441729180076e-01 -5.928380962785602393e-02 4.941552159164772640e-01
1.670339971531513146e-01 6.234194590252433062e-03 5.103492493710924949e-01
-5.925818658548792639e-02 -1.793861959159745098e-02 4.762501585201236454e-01
-4.854643491040236403e-02 -2.356096383288107388e-02 4.641324675062609706e-01
5.583021607699316380e-02 1.737924248372867131e-02 5.287859677002370029e-01
-6.720069640568948621e-02 -3.753060374501610702e-02 4.753308285539203371e-01
-7.925960640492833373e-03 9.075741835275259739e-02 5.577553971873679961e-01
4.813439348933864353e-02 -6.161117463689982920e-02 4.477945132283362994e-01
1.671096803525655705e-01 6.506914854929030274e-03 5.096141492818221375e-01
5.218527633585583192e-02 -5.828694279557707428e-03 5.200231905656660381e-01
-1.729291676172720060e-01 -9.164425819665487916e-02 4.827361135903996958e-01
1.282446481283620598e-01 1.525172084109228899e-03 4.923544135443567726e-01
-4.296069019712251552e-02 2.286559225482438090e-02 1.500594442137124784e-01
-1.026984645519666839e-01 -4.363603711003551794e-02 4.919620914263528322e-01
-1.538671541876161786e-01 -6.458479926533579503e-03 5.067959514184289249e-01
1.647693031341234404e-01 1.061008877650372259e-02 5.102857531255801105e-01
-3.935796337185042994e-03 4.683510261347022252e-02 5.389987213173252911e-01
4.547786709931746219e-02 -7.254590754666331159e-03 6.014332680305218837e-01
-1.009989853685371308e-01 -5.414814989205576391e-03 4.948314512147636846e-01
-1.105721963859159218e-01 -3.714414997539620261e-02 3.634793947400383751e-01
-1.062426392512094836e-01 9.105536296636533578e-02 5.747890762565349698e-01
-6.880343458761618847e-02 -1.994537222484880912e-02 4.789751734580660614e-01
-9.292574286689488094e-02 3.579861292459701749e-02 5.098299784569730875e-01
-3.347930509676328575e-02 -3.402832335733745051e-02 4.487264769377069529e-01
-1.681849681804801766e-01 -7.351694097421032636e-02 4.853093238168446066e-01
1.883672049749801278e-02 -4.580340057150518451e-02 4.200077118747300164e-01
8.819566020706644249e-02 2.610746791157492891e-02 4.971067266231593007e-01
-1.395639760100104987e-01 -2.092167466375542684e-02 5.017737996403858203e-01
-1.566465050606451470e-01 -2.564628417780130676e-02 4.235783004140787344e-01
3.061607968827850454e-03 -3.671561323979511543e-02 4.401593013957588729e-01
-9.117282428785852821e-02 1.177182642490629538e-01 5.989614683961491659e-01
-6.737976242424895124e-02 -3.722385972972780399e-02 4.750897025783216709e-01
-1.595686299331033342e-01 -4.075906543778725494e-02 4.194779205008909440e-01
8.562947389692951092e-03 -4.463810582910888308e-02 4.314960230945109609e-01
-1.563567115837718458e-01 -8.849852498725321870e-02 4.811497216544043942e-01
-1.151154066107299145e-01 1.953466765514064868e-02 5.207646063930350122e-01
-3.343997143034072028e-02 -3.509840484059754961e-02 4.563736678514199174e-01
-6.476044779017008091e-02 3.570582101243390677e-02 5.187843265935193626e-01
-7.682690933268845890e-02 -2.775768251324364430e-02 4.811468181320208704e-01
1.823900789490026375e-01 1.505927282777923780e-02 5.139148591356729190e-01
4.550248046213617448e-02 -5.375925883228134528e-02 4.418301729395563426e-01
-1.176342961509102975e-01 1.057660482019330689e-01 5.707865658450155255e-01
-1.367552343903676304e-01 -4.639363342907277393e-02 5.000712157954568804e-01
5.545780885178031028e-02 1.245449407723648629e-02 5.304337994856227478e-01
-7.374325293892885005e-03 -3.235214988878893846e-03 6.215506320082934133e-01
-7.649712241880229913e-02 -2.700008352807059531e-02 4.809074908804672477e-01
-1.658849651347010512e-01 -8.790540973687291371e-02 4.826730801511517344e-01
-1.376295554093337203e-01 -4.757861516281214342e-03 5.030061764150495218e-01
-1.242363247685025762e-01 -4.542260330233297699e-02 4.978610450960668232e-01
2.206533845301656901e-02 -4.274487125718882952e-02 4.056537733163767534e-01
-1.414982732425930922e-01 -4.932363838835186060e-02 5.025838366713251126e-01
-1.229650960735951398e-01 5.519428394103344931e-02 5.214381544343933417e-01
-1.691432367296585304e-01 2.258546868172843156e-02 4.940679287824583099e-01
2.445517896700995578e-02 -5.224163488087687351e-02 4.305889040182152017e-01
1.717882657288652415e-01 4.399163266533599737e-02 5.110239862833156899e-01
-1.573249241653463248e-01 -2.800524137681317804e-02 4.230744564092019377e-01
-3.157851613216127590e-02 1.466111770845012451e-02 5.416116370910888378e-01
-7.647210848247787754e-03 9.078300725553699324e-02 5.579783065631950256e-01
-4.423662694589144267e-02 -3.504599779659339082e-02 4.618251589986394623e-01
2.858902493418635348e-03 -2.294654239405411258e-02 4.429615164794645232e-01
-7.264914839878044983e-02 -3.770702403994524721e-02 4.723894444100132373e-01
-1.119302151199464967e-01 9.345837524720533585e-02 5.739373744286857537e-01
-1.665695590602631615e-01 -5.016097471438715066e-02 4.887667924381096096e-01
-4.155742563814023016e-02 -3.163401040448008544e-02 4.481688988116827033e-01
5.322649377811929094e-02 3.318843187542343948e-02 4.922075676421632795e-01
-2.592229565790926671e-02 4.726404890023281485e-02 4.752076502506946687e-01
-6.618971138152006384e-02 -3.770163672220304407e-02 4.787604030753683237e-01
-1.613225633336803355e-01 -8.517732998951871304e-02 4.816297274376973303e-01
-1.217998345374339125e-01 2.883958550503227733e-02 5.190835610261572697e-01
9.860372664046562763e-02 1.036731197313251959e-02 4.858628414218281177e-01
-1.575261181893641838e-01 -8.875773071702790229e-02 4.820991865394856912e-01
-1.443754609513416276e-01 -5.121187662806576946e-02 5.059321039943287523e-01
-3.961580906829750837e-02 -3.066841846444556818e-02 4.536234159029131074e-01
-1.407951775337156486e-01 6.082760582762802848e-02 5.126360637657572106e-01
6.274683853155713087e-02 5.561988943651118705e-02 5.297805452570475415e-01
1.213518394629577515e-02 -4.470064643935497961e-02 4.393405226892592719e-01
-1.825634372191547658e-02 -4.531808154221807911e-02 4.474424513693063266e-01
-1.214882267533551885e-01 3.433332046681432381e-02 5.211919942334851674e-01
-1.461778645980164326e-01 -3.991474092140064045e-02 4.998919809427224137e-01
-1.177014005174258082e-01 -4.734109138804894895e-02 4.940579029516488085e-01
-1.443486621839413231e-01 -8.693179174315692620e-03 5.054992737792489699e-01
-1.508368140763569620e-01 -4.813207001446240252e-02 5.101965786590333396e-01
-1.459869580965906521e-01 -1.479658519615573500e-02 5.040830080923999201e-01
-5.702253505049514892e-02 -4.164328777594435843e-02 4.681249511874043812e-01
2.172767535029230396e-02 -3.258984037981548648e-02 3.642964265691016612e-01
8.368598408356713036e-02 -3.444305867477653188e-02 4.194958233427485972e-01
5.066812728904017404e-02 2.431312158375015589e-02 5.383524610271658295e-01
-1.037102305195225227e-01 1.046377571638506254e-01 5.735131088067343397e-01
1.866005813889303200e-01 4.163289712114230656e-02 5.127657367968675439e-01
-1.649059740464408064e-01 -8.015458616588426455e-02 4.835117977657700239e-01
-3.556884764273769445e-03 -3.762922458897607989e-03 6.183155267111135611e-01
4.082172946687032122e-02 5.194130470437288011e-02 5.376274045560699433e-01
5.887280501907034974e-02 2.914976590518583710e-02 5.273455505292167222e-01
-5.022291369294256541e-02 3.150134754818082611e-02 3.880455323742051377e-01
1.918471639501948683e-02 -3.829003255988214227e-02 4.008723891080416823e-01
5.159263269321379825e-02 3.282580263541397952e-02 5.359448563721034287e-01
-7.878541732182412979e-03 3.415853811491220693e-02 5.434664252002848750e-01
-3.741499599828764649e-02 -3.947259231789180395e-02 4.604000085807897769e-01
-1.017280547232359417e-01 -4.079728305162335505e-02 4.918954695232429786e-01
-1.569664049388012073e-01 -9.760798253426456253e-03 5.070298955053129664e-01
3.333249272075532177e-02 -5.338442637752170705e-02 4.217515936782992858e-01
-8.797574507662252186e-02 -3.957044237838038686e-02 4.863510506961695734e-01
1.156790403141427642e-01 -2.651233095978576884e-02 4.814714758908193448e-01
1.263197630732674492e-01 -2.480506094398643099e-02 4.903417707887917643e-01
-1.740537053098015208e-01 -7.916880768315857908e-02 4.851980559864051967e-01
1.324998114659967086e-01 2.151109222625659581e-02 5.020263035815476504e-01
6.644814443373837920e-02 -2.270362402017774006e-02 3.705675039674269922e-01
-1.560459007413627919e-01 -4.956383950393921517e-02 5.069754521717152462e-01
-2.916475739569916736e-02 1.121172172240466128e-02 5.426973972921751432e-01
-1.194292296376562312e-01 -4.040871425063088940e-02 4.970102274850441426e-01
-1.025472414553980222e-01 1.975481064507150081e-02 5.202948679645131858e-01
1.940116980726674933e-01 -5.684749895869362080e-02 6.320917865114629164e-01
1.462980980242381546e-01 -1.851758255051420832e-02 5.015496736755742369e-01
-7.165129737242179053e-02 -4.179241590478185997e-02 4.757953592492737971e-01
1.263475301286176022e-01 -2.438276797294598383e-02 4.899312276042764314e-01
-4.730662558654812749e-02 -3.278524089369583977e-02 4.599181895964493116e-01
1.110488833928019725e-01 -1.972375192103786867e-02 4.788996539185735868e-01
-7.687252672557462474e-02 -2.591289381825762073e-02 4.813516550052697185e-01
-1.376537953634661138e-01 1.740360174662305276e-02 5.157719668681947089e-01
-1.335698801495184274e-01 -4.771379083676240140e-02 5.009640832464370419e-01
2.078173031368924992e-02 -5.134825893661634777e-02 4.312705157975064152e-01
-7.607331231016303819e-02 3.028004407954614256e-04 4.928637335350311566e-01
4.469034446517401726e-02 -4.766091310495156746e-02 4.330232939698583916e-01
5.139246381199116809e-02 3.289117463019279597e-02 5.356896058057772914e-01
-3.544020966244378068e-02 -3.393106268524675312e-02 4.532178171598082450e-01
1.582114367745781625e-01 9.440750893697821833e-03 5.068654033089770028e-01
-1.466442389807250668e-01 -4.121863782482430849e-02 5.010649703279544953e-01
1.968725171230693571e-01 2.554087489213112752e-02 5.141678814961393451e-01
1.526871350319851037e-02 -8.570262982271018579e-04 5.841133969858163244e-01
-1.508037235810349153e-01 -2.585869697772875953e-02 5.037489601106546200e-01
-6.174989432988164939e-02 -1.660782246051675445e-02 4.851841616285272329e-01
3.275048667967082883e-02 5.177131432765087748e-02 5.409501805526999441e-01
-1.027839570950092457e-01 1.980297302061014703e-02 5.197410291868954646e-01
-1.585604591902917970e-01 -8.229675557918017526e-02 4.819209456775739309e-01
-1.466994357230360368e-01 -2.367700617723239240e-02 5.028866217035827813e-01
-7.910049619172151991e-02 2.302944504390754335e-02 5.121875581861858873e-01
-5.024912902306703094e-02 6.507375201365833001e-03 5.327540612711607615e-01
-1.040433360671745439e-01 -2.861976850485244833e-02 4.912739239585715567e-01
-6.808568821400291793e-02 -4.340930663350391766e-02 4.740942781399130057e-01
-1.656954601394597937e-01 -7.068937919212174570e-02 4.820882350839471586e-01
-6.693716310198576103e-02 3.951425302102730408e-02 5.201573127468072100e-01
-1.541402058118452878e-01 -5.952288501447214504e-03 5.061631289345887019e-01
-1.228508718708724717e-01 5.289425992992709269e-02 5.234718545786734012e-01
-1.750340230352461779e-01 -7.416337374184962805e-02 4.726708362011556863e-01
-6.098059191256728628e-02 -3.073941924445801332e-02 4.714246756257798876e-01
1.634124923498857240e-01 -9.551610788319980783e-02 5.186708296671905805e-01
7.901919473991175780e-02 7.742949333684131380e-03 4.840362828469399470e-01
-2.019386967745410988e-02 -2.709496448909365363e-02 4.501314075725842967e-01
1.279246342303055894e-01 4.890263284686720974e-02 5.045637927901888142e-01
3.576258836810431840e-03 2.970919027131801657e-02 5.513062024350597889e-01
-4.521455896775618960e-02 2.881992531110735140e-02 5.264680292776259263e-01
1.609761550321085199e-01 1.028380233520172216e-01 4.534477508278803026e-01
1.087896580416275634e-02 5.100617135050872913e-02 5.426072013988770815e-01
4.548427492606330752e-02 -3.957679893002365168e-03 5.959511658276726020e-01
-1.478957270835269955e-01 -4.059504141176675102e-02 5.015954389023702387e-01
-1.151214161978265094e-01 -5.598631217565612495e-02 4.927019925072306239e-01
1.223323432554272727e-01 -5.120902939682877610e-03 4.917226062818410015e-01
-1.436522257614422093e-01 -1.313748190862998495e-02 5.039482400816278629e-01
-8.462256835147907719e-02 -4.338405506762017805e-02 4.856336998261017168e-01
1.935388938884354815e-01 1.781668197768663392e-02 5.156944194032996309e-01
-1.071943795903007313e-01 1.771423391741209358e-02 5.192944753140659175e-01
-8.111504018118231851e-02 -3.118568799089591753e-02 4.808287388383556960e-01
-1.051078883392989466e-01 -3.883013380048201679e-02 4.934238595448683373e-01
-6.103018218497198444e-02 1.193135885958286277e-02 5.369106629872272274e-01
-2.649638033922467953e-02 3.341487515514452063e-03 5.446146028847995701e-01
-1.264065157835878306e-01 -4.541411693737095606e-02 4.948388379212171895e-01
-5.917839225237629674e-02 -4.153031387947690029e-02 4.681889961846804060e-01
-6.161381317858761336e-02 -3.291962237843506361e-02 4.706146110028922025e-01
-5.110495959641832286e-02 -4.031086045348988151e-02 4.598519704378492556e-01
-9.194341942191039396e-02 -5.137861919151994611e-03 4.915297083850463933e-01
3.876573914344287608e-02 -5.570127503824415238e-02 4.360906043620099704e-01
-1.492838721641342181e-01 -1.695315953536654166e-02 5.048472190573346507e-01
-1.400281617646499388e-01 -2.350234090907545037e-02 5.016033271735208521e-01
-8.755307146141869112e-02 -5.976594477986252318e-02 4.674087027859686327e-01
-1.466195727468678489e-01 -3.939082155887325964e-02 5.012450414426361522e-01
-1.544026647987883916e-01 -5.971452655031434832e-03 5.056423539844915327e-01
-1.373715099647154214e-01 -3.721555523996942366e-02 4.981023460558169358e-01
-6.043854553091639742e-02 -3.718522881145934489e-02 4.749417121539958875e-01
-1.404463515067927160e-01 5.947027850659117321e-02 5.123025040590785117e-01
1.827690303052765392e-02 -5.484794096216052267e-02 4.364525032189492948e-01
5.855271494700697854e-02 -4.021853561051874637e-02 4.413127357391670169e-01
-2.723501491848383943e-02 -3.220222183553733686e-02 4.459132979693397614e-01
1.586029032502854208e-01 3.154973357675722873e-02 5.075550040872562896e-01
-1.582887762559684885e-01 -5.100089195378007534e-02 5.023495224143244009e-01
7.735406861904865761e-02 -3.430997169939935948e-02 4.198786097155552399e-01
-1.350252909234085641e-01 -3.607047049662770368e-03 5.018970841447756293e-01
7.193003952311769270e-03 -3.797663306217587131e-02 4.329297193971110014e-01
-2.210598342721084228e-02 3.389518789486551005e-03 5.382070555131071021e-01
-4.523803770332471275e-02 1.202182593051318374e-02 5.346527255268428425e-01
-1.058376180644683695e-01 -2.753400595777417623e-02 3.576198720989799962e-01
9.027235983976542033e-02 9.563502630929599999e-03 4.779203162884648748e-01
1.311196652839400623e-01 -1.340587674597955477e-02 4.937328654871644407e-01
-1.157629497909125685e-02 7.042391056141432057e-03 4.728080936265409706e-01
3.577105789678802078e-02 5.334531504573679361e-02 5.398387028944753308e-01
-5.686307844738155287e-02 9.194536969535652832e-03 5.235680207226480753e-01
7.902722699175615539e-02 -1.891437000902083596e-02 4.154909101499965063e-01
-2.901261531896899559e-02 1.116547081443063430e-02 5.432014445885477993e-01
7.661641447459599519e-02 -3.427194749454397227e-02 4.053115814786487636e-01
2.568082511216446262e-02 -3.636206027345351838e-02 3.658189878595915490e-01
1.424782342297438442e-01 -1.145290158815674003e-02 5.010247330468557969e-01
1.265766868047770444e-01 7.781710665295790523e-03 4.984231475847497594e-01
5.465814324925570566e-02 -6.963545839835062756e-02 4.555468877139202677e-01
7.245832237541287649e-03 4.140975059816077997e-02 5.462980609113011754e-01
1.652245025002851142e-01 4.310338743899334163e-02 5.101906777922189384e-01
-1.051897599187990306e-01 -4.655502299040506498e-02 4.890955408554283901e-01
1.875849904397731277e-02 -5.003471385267402316e-02 4.082560679697700423e-01
3.411698863375103863e-02 -3.190597673685371255e-03 6.075879509781564325e-01
-7.776499164163498679e-02 2.440937072047670228e-02 5.130858241730393843e-01
-4.937454406593815015e-02 -3.517116204387690792e-02 4.612512945134589204e-01
8.737022153391556245e-02 8.886527357717878724e-04 4.737616528149478090e-01
-1.230283843094393537e-01 5.572546537696093649e-02 5.208926737689878461e-01
-7.790665223874004841e-02 2.454340917704753849e-02 5.126174201613320491e-01
3.694135785401608113e-02 -5.608739832673266534e-02 4.424526439691017776e-01
4.756526146112687037e-02 -6.178030454252566445e-02 4.459881650695239896e-01
4.273023604559559457e-02 -2.400968498334744503e-02 6.393349124053994137e-01
-1.505730724074977878e-01 -3.249949642896649005e-02 4.215335387466364048e-01
6.367532102753439838e-02 -3.829655882763686320e-02 8.065501349226679162e-01
1.223762288564499284e-01 -5.067132126184020063e-03 4.911442297828092496e-01
-4.449455147732890581e-02 8.811927982866049613e-03 5.276117221965992421e-01
-1.054145512254204761e-02 9.300563564540567651e-02 5.575573538921151373e-01
-1.001065191898153905e-01 1.143306324384104483e-01 5.991348272786920504e-01
-9.665053199309403542e-02 2.130875040214927352e-02 5.187599666869038284e-01
-1.226761613162029307e-01 -4.272635305217842988e-02 4.919248768932207305e-01
-5.376697052366963964e-02 1.254199850076929447e-02 5.251375384362946264e-01
1.205128536624984342e-01 -2.433701116759134572e-02 4.853252373178567614e-01
-1.538673707321438003e-02 -1.969858543806441570e-02 4.607279979430289885e-01
4.528415391717637711e-02 -6.540719998478499060e-03 6.033555246516220105e-01
-1.641181050866501734e-01 -5.165419962202088405e-02 4.897470430269283415e-01
1.182553805337549502e-02 5.029112775279246522e-02 5.427709254976402775e-01
1.436518257678268129e-01 -1.480522078285626420e-03 5.024302936532708541e-01
-1.432432953487871620e-02 4.972479219193187694e-02 5.397420510718640152e-01
1.336067344071128387e-03 -5.283190669305543041e-02 3.887992768572904878e-01
1.588624355908963004e-01 1.156713928074259295e-02 5.071888364275243255e-01
5.861825087016466623e-02 -3.319455485735871899e-03 4.840984099376935967e-01
-1.548167704475268969e-01 -3.263712502112133679e-02 5.032885743872356210e-01
-3.952058380139573945e-02 -3.449361330634584388e-02 4.574807823607183188e-01
-1.464985023097825911e-01 -1.805917960429997624e-02 5.032874322594615979e-01
-4.803108940121121953e-03 3.077890183294870394e-02 5.448304532183787519e-01
1.430067745536983161e-02 -3.504104629727751441e-02 4.480044499205547703e-01
-4.942358304321303741e-02 -3.107529202320175737e-02 4.664993846135473965e-01
-6.027003357996297411e-02 -2.934657485132614527e-02 4.703363187716104177e-01
-1.065406296999570207e-01 -2.444226152855728113e-02 2.632440593836830045e-01
7.730827595889695758e-02 -3.271905967809003724e-02 4.068439107850144731e-01
-3.420210795747562899e-02 -3.795238599654206235e-02 4.557491498357840731e-01
-1.588516066241139613e-01 -8.957729562979674376e-02 4.813355841382183087e-01
-1.227542301580973744e-01 -3.763968155769934626e-02 4.958730361433044131e-01
1.020258602347222932e-01 4.886861061231957681e-02 5.036093051324296299e-01
-8.920311800582010620e-02 -4.059107894349477802e-02 5.525441742821252111e-01
-1.171656666434901933e-01 5.774449370099347945e-02 5.236097677002331530e-01
-1.209701767978912240e-01 -4.508224021510021107e-02 4.967373773307532936e-01
-1.474408357072353459e-01 -2.131076828016509675e-02 5.035996319516550246e-01
1.088743961334921323e-01 3.197849564133992128e-02 4.982360330163128626e-01
-2.954689492336255458e-03 3.791716978857730125e-02 5.429160539591383339e-01
-1.331213361065437251e-01 1.947733291073267675e-02 5.196877824996518624e-01
-9.338949813667742073e-02 -4.602606297741390629e-02 4.880366107716799240e-01
-3.943040280962646464e-03 3.169650339756867330e-02 5.454113460591005769e-01
-1.595670657389400282e-01 -4.024402636017236634e-02 5.025160806360351451e-01
-3.922466383360783543e-02 5.021755972780144774e-03 5.257529091361086149e-01
-5.105011884401600142e-03 3.179463333627578076e-02 5.445221700404683229e-01
4.749160384577922472e-02 -3.117221127958422384e-03 5.838061609669537022e-01
-6.543705029957985753e-02 4.288173822795704471e-02 5.077484438121372401e-01
-7.518575430443347196e-02 -4.588396486898521642e-02 4.804886869101516744e-01
-7.514342985804914332e-02 -4.648254200124495722e-02 6.443806186420086846e-01
-1.504319680057318032e-01 -4.026696664719649210e-02 5.016691394014074490e-01
-1.216032939329404761e-01 6.710462430890193342e-02 5.231181337276242793e-01
-1.263487111879223537e-02 4.393778504173076645e-03 5.591981336260931634e-01
-6.850306271375405931e-02 -4.001962175929429932e-02 4.750569508968012777e-01
4.468783946451667516e-02 -6.484917995682498021e-03 6.024829811776561961e-01
8.581094452795749727e-03 -4.625601443909450189e-02 3.333305034014826251e-01
-4.331334368754051652e-03 3.174387718024171412e-02 5.444374395147135726e-01
-6.991412062384258497e-02 -3.326994078485286110e-02 4.774689132391367608e-01
-1.401281058382758682e-01 -3.907220674601074445e-02 5.031360086641526452e-01
9.659295938338612053e-02 -1.043840195734001275e-02 4.710667350307175538e-01
-7.164545582700077020e-02 1.928406362783843808e-02 5.179371939004354664e-01
-5.102770458198319092e-02 -3.139251575970383040e-02 4.677567487671885349e-01
-7.113197874574993251e-02 -3.972691548774470727e-02 4.759517217304493619e-01
1.610950552086611587e-01 -1.060391693068866298e-02 5.065472012213345643e-01
-1.565840621236206098e-01 -8.200982215580993051e-02 4.819265373889751736e-01
-9.178297320224824973e-02 -4.448490046611266319e-02 4.876418759255393143e-01
2.619157291204919288e-02 -3.656465183638445138e-02 3.686252132121680680e-01
-9.763036082453775471e-04 -1.035381725500920599e-02 6.498750666417848487e-01
-2.328782773206239040e-02 -2.310215339041274234e-03 3.776428882109240659e-01
7.093595085312416615e-02 5.392573901406829545e-02 5.162086352791090960e-01
-7.309108518474709271e-02 -3.572186362380476432e-02 4.791193887374957106e-01
-9.270156922593386639e-02 -2.859121341620957102e-02 2.724896171447906412e-01
-3.880722664916988474e-02 -2.883700315797908809e-02 4.568451611371091015e-01
-1.137149312431864762e-01 9.436486568652163731e-02 5.734822061290786310e-01
4.390686680222972982e-02 1.043028882469572566e-01 5.407651391981230793e-01
-6.807160274971463254e-02 3.869519143396930871e-02 5.164605706532725549e-01
1.150500914640174288e-01 -5.571058898222452233e-02 4.650976536572491993e-01
1.039070877499038287e-01 -1.835627295466551231e-03 4.816516084872621839e-01
-1.649077356770686231e-01 -8.059252316636890401e-02 4.832501875934285818e-01
5.233275775864230928e-02 -6.768798405021900048e-03 5.297469874517937161e-01
-3.516012093021346485e-02 2.182628638437505986e-02 4.510030772493044959e-01
1.525303628015698132e-01 2.280335034752923110e-02 5.059093556505942502e-01
-1.464694122403466248e-01 -4.683367772990425226e-02 4.994930239405386829e-01
-5.302988509775957357e-03 -2.592842830034462059e-02 3.287050255246967145e-01
-8.478663828191004836e-02 -4.585287902531585448e-03 4.923008143126733072e-01
-4.398090230191929219e-03 1.940583696675812764e-02 5.495504247806510811e-01
-1.721107268945988311e-01 -4.501756672114202995e-02 4.873574825651464382e-01
-8.288308488365052351e-02 -4.440194293120298258e-02 4.824749617213041075e-01
-5.566441026822373933e-02 1.308000344376802557e-02 4.818742684609827465e-01
-1.584825795906972534e-01 -4.939169040329685623e-02 5.020500807376921948e-01
-4.309208007109345540e-02 -3.497015362088867763e-02 4.669122175418239928e-01
1.137276621252140268e-01 -5.944768013296936743e-02 4.744663811040161217e-01
2.000786268660035283e-01 3.233827579455689216e-02 5.170927965390510472e-01
-1.335940103932667204e-02 -1.705575258451089496e-02 4.474027079423313347e-01
-9.499182210263192039e-02 1.045758566273886359e-01 5.737394851621198111e-01
5.598047833037808618e-02 -2.452654123476000897e-02 3.904233998425710173e-01
-1.666082805823690671e-01 -8.085803189528864565e-02 4.837544850843968347e-01
-3.522103496245729271e-02 -3.690928430685232881e-02 4.508822912126680404e-01
-2.123892378876740539e-02 -2.156447289302420786e-02 4.547887071023677397e-01
-1.444589002594421079e-01 1.843628227981717466e-02 4.938866959680245916e-01
-4.466367376598308347e-02 -4.175350000991923105e-02 4.680817201296181840e-01
-6.314861368912073891e-02 -3.465500919841037197e-02 4.715854738672197732e-01
3.791149111562116397e-02 -5.596137008127729379e-02 4.400515845802326353e-01
1.252651536039428581e-01 -7.300582188154345308e-03 4.921151763030575110e-01
-1.640456303189249398e-01 -5.005453654948869430e-03 5.103947431792320577e-01
-1.448569043845207571e-01 -4.171696880323987056e-02 4.992976501457556116e-01
-7.043450669967880884e-02 -7.567592770110704962e-03 4.870154261353603631e-01
-8.588023958565145499e-02 -4.457500262755503123e-02 4.850892618810603851e-01
1.452967119410340235e-01 -3.749372284525234918e-03 5.040639653979767099e-01
-2.753716156867824089e-03 3.676691318319168927e-02 5.438374025104049103e-01
-7.086564280446219777e-02 2.177313048732264569e-02 5.154451681431762022e-01
-3.262879775792237869e-02 7.648283300718180036e-03 3.770761152293843343e-01
4.209210071411471910e-02 4.660351855530779630e-02 5.383155920200156652e-01
-5.158798929567089825e-02 -3.304244849308187598e-02 4.486529521811833954e-01
-1.061634946828131920e-01 -3.870311791277988855e-02 4.906452811135041947e-01
-1.544496726366359762e-01 -8.066010582511842775e-02 4.821854642621959397e-01
-1.568199745356717995e-02 -1.676402206342338455e-02 4.582245654962159298e-01
-1.568391028707143975e-01 -2.695117818513828242e-02 4.226712971784943318e-01
-1.543844594472265630e-01 -8.086145571860357817e-02 4.821932909562089975e-01
1.443301385112434054e-01 8.332162067134103733e-02 4.671868994481303550e-01
3.293269094208080283e-02 -5.933497229189223926e-02 4.420921601609906215e-01
2.626157352402802916e-02 -3.803676843571242305e-02 3.744229473512821205e-01
-1.386925190304658662e-01 -4.005710436310320338e-02 5.072578140949347558e-01
-8.511354558044904872e-02 -4.524052147144395387e-03 4.913664903448369259e-01
-3.565468453841209862e-02 7.043996450534454647e-03 5.316444169188957458e-01
-9.226036025982610467e-02 -2.927288825496073346e-02 4.874452367915513284e-01
1.219474254365240096e-01 -7.509299853365158928e-02 4.651892407332515189e-01
-7.698761102850186500e-02 -3.486291174491704115e-02 4.796333581939550839e-01
-5.769924751162418958e-02 1.588726932934694455e-02 5.188039960420530727e-01
3.879608771156469599e-02 -5.789185563895971748e-02 4.566547767579143269e-01
1.290394219750766736e-01 7.477106436004537886e-03 4.983414583541354026e-01
-1.647899371754170741e-02 -4.409324394674444397e-02 4.550266811774983378e-01
-1.532137263292301099e-01 6.155852591218486519e-02 5.142612573189613290e-01
2.702022666211190832e-02 6.737605869481620192e-03 5.744556482655993612e-01
-7.239373646260119366e-02 4.023413961548827356e-02 5.153140924927256394e-01
5.220037549289988088e-02 -1.007665137116788186e-02 5.671649270882560545e-01
-3.823012105927631882e-02 1.347757944382493682e-02 5.356263786069461741e-01
5.653332152153434098e-02 1.816297436518423888e-02 5.254657412364662772e-01
-8.592157318896063642e-03 2.459830594285365712e-02 5.462569768881330168e-01
-6.253189344002278716e-02 -1.590405461992807148e-02 4.772109564668379766e-01
7.576517594753559397e-03 -4.851174004211630114e-02 4.318783896460189342e-01
-1.396338676133181689e-01 -1.909662545171013359e-02 5.020543588895713949e-01
-4.962479622928166190e-02 -3.114216225082319656e-02 4.657000037521027425e-01
-8.272940568897570873e-03 8.523579617830710081e-03 5.449343843270426646e-01
1.487077441877231732e-01 -3.388034614837105545e-03 5.036481225039908249e-01
1.405244670456035766e-02 -5.487879761826992830e-02 4.280022589893425211e-01
-1.771205344747050214e-01 -7.749772201106686076e-02 4.863547566500713848e-01
-5.496950701878500212e-03 3.285862842974576065e-02 5.442095932500669031e-01
1.811282953147953789e-01 8.982299441342544988e-02 4.585903047003458410e-01
-6.913859878587026719e-02 -1.390063992862748676e-02 4.819231522423017555e-01
3.430025020550232784e-02 -2.478992705596191459e-03 6.068654531428184784e-01
-6.531233823895511714e-02 1.623871113417638123e-02 5.209356482759688323e-01
2.314070768254540555e-02 -4.476653729454627834e-02 4.094427059402127589e-01
-8.892818638994273717e-02 3.228359919521904542e-02 5.105622522383651551e-01
9.989045534340738886e-02 1.915958808798527702e-02 4.920420000357850765e-01
5.759467207663173521e-02 3.925144831348989505e-02 5.260693518723013051e-01
-7.148010142392084709e-02 2.341762144067135315e-02 5.161645936391324740e-01
2.276082872790722526e-03 -3.478195445151205378e-02 4.428996514859193101e-01
7.751859175942860114e-02 -2.915685474448620473e-02 4.055575704494020495e-01
1.135826361856639710e-01 -6.451577098404341973e-03 4.859497869465634889e-01
6.433580318218326544e-02 -7.363702260238055852e-02 4.729257865259063331e-01
-1.395441572644560146e-01 -1.799611178503870632e-02 5.023639783025151129e-01
7.534583324993129883e-02 -6.367714889922017341e-02 4.923384095475066835e-01
5.780622781231555376e-04 -3.170196834680064774e-03 4.550765180038615076e-01
3.405937590819434202e-02 -2.401339415129597962e-03 6.060343416042079934e-01
-8.722094648957419427e-02 -5.328511792491320842e-02 4.776798023214307021e-01
-3.711461998266324391e-02 2.884554592435292428e-02 4.584387436444422037e-01
2.816444998192890389e-02 4.988676755244306898e-02 5.481024748080146614e-01
-1.582268644551406700e-01 -8.956067367048899108e-02 4.826159410744656486e-01
-1.174390279824945142e-02 5.397144855519122458e-02 5.372475024695595458e-01
-9.347976917746657344e-02 -5.894923721927695232e-02 4.694109660367848380e-01
-4.224362239486044446e-02 1.288796529350853814e-02 5.337339106179772585e-01
-7.558217530394599482e-02 4.216763916207307006e-02 5.157254978193546169e-01
-5.326769825945212866e-02 -3.166089469424639147e-02 4.695304675387921289e-01
-6.528149779745551218e-02 -4.571515406752910127e-02 4.735957118617961092e-01
-1.185241099054097219e-01 -6.177753101687179227e-02 4.756214084848611745e-01
-1.538848459487967280e-01 -7.303352091217646391e-02 4.798772463960266355e-01
-4.272310885828459193e-02 -3.340886207549768894e-02 4.605563893834011546e-01
-1.547156418155711533e-01 -3.126215976279382580e-02 5.034663318721965819e-01
-5.469878021426287373e-02 1.384595327174410057e-02 5.299170550847054351e-01
3.565184420783781144e-02 -2.513337050971201254e-03 6.049452552136617145e-01
-3.332858564897685227e-02 1.987907770055914736e-02 5.328461082075220956e-01
-1.266888584843605947e-01 -9.094655528850180762e-03 5.613101724952114235e-01
1.882199931434986040e-01 3.990636483621907982e-02 5.145077901055165048e-01
1.457046849125250843e-01 -1.457170211222976602e-02 5.018787627031128240e-01
5.186820850587547937e-02 -1.945138602304313097e-02 6.473303451068648240e-01
-1.206153545763655882e-01 -4.284871794011577140e-02 4.969294341107461932e-01
-1.502575733136814543e-02 3.498330402735486469e-03 3.620659438972951838e-01
1.772602153664182556e-01 -6.644585312453362824e-05 5.112651298124358812e-01
-3.863721228038333178e-02 4.686854745772801173e-02 4.731405228305950450e-01
-8.661676910289599005e-03 -3.025796893604183052e-02 4.469935239119414150e-01
-1.493879490554703982e-01 5.843928515058850748e-02 5.130811878858584363e-01
3.969533196973570183e-02 5.527265602604345546e-02 5.378159918995902844e-01
-1.422562943053086448e-01 -4.653606295100383428e-02 4.993357329770292119e-01
-1.560880089114274893e-01 -8.925229741015307250e-02 4.817776118715530465e-01
1.067748231724419405e-01 -1.079583711307254175e-02 4.785477869840675802e-01
-6.272997341676556093e-02 -6.501272911152169987e-02 6.146358656211931004e-01
6.673460047803825290e-02 1.996677513943578754e-03 4.808261222507728694e-01
-8.179929366010522951e-03 4.565889763466391554e-02 5.397036106251377197e-01
-8.026008951039596828e-02 -4.625904589546801088e-02 4.805821656303306266e-01
1.713014748446080315e-02 -4.559400540712052474e-02 4.237271989070938161e-01
-1.028177796996322946e-01 -3.938995282232876649e-02 4.926929388084407835e-01
7.188306749476351676e-02 -7.402604478353193296e-02 4.816064651517064643e-01
-1.064965806774513246e-01 1.711438831688232021e-02 5.211938550774145584e-01
-1.532339865332538187e-01 -7.311874781686618363e-02 4.812190731175899905e-01
-7.812991937398414133e-03 -1.903302248887772663e-02 4.628662676129031706e-01
1.204654662240210589e-01 -2.486865285100215220e-02 4.861238984168382848e-01
-7.558493924744050241e-02 -4.898359255800097123e-02 3.028219352060857461e-01
1.251976494311518862e-01 4.761314275352280037e-03 5.626192681009217766e-01
3.606113625095363345e-02 -5.933501852350295952e-02 4.411608606232548802e-01
-9.835010672749829042e-02 8.284368686985137467e-03 3.190924825341466819e-01
1.717623838715280279e-02 -4.369097564051542537e-02 5.673346341867405718e-01
-2.362895498607444234e-03 4.624617986464023278e-02 5.403980517325225330e-01
5.741830634268861588e-02 1.889085586087967464e-02 5.275619307060795959e-01
-2.302694862733126180e-02 3.758071091253766677e-02 4.904805978184680337e-01
-1.741137031666871449e-01 -7.415754375703312307e-02 4.873269698183548271e-01
-9.393111283803955158e-02 -5.873904481983846515e-02 4.682251850536019999e-01
6.417471144309661035e-02 -3.322356329626970778e-02 7.398108909570636493e-01
1.451980242941313670e-01 -1.004245308369127176e-01 4.651313346416701688e-01
-6.271331837919225105e-02 -3.967274618027229888e-02 4.756787635584717178e-01
-6.581830004244892951e-02 -1.181360338610855029e-02 2.132572131729486287e-01
-1.132527468929169084e-01 2.341430399908386861e-02 4.795509774855457041e-01
-9.186053104808215852e-02 -4.391740981847270034e-03 4.914351768980942947e-01
1.095944800323932211e-02 -3.246648274594941819e-02 4.074305570285628453e-01
-1.160942468951069312e-01 1.653551383247087517e-02 5.245443327543632961e-01
-1.962648127149781152e-02 1.038013709495562258e-02 5.431201367095002119e-01
1.461244826372728456e-01 1.595220457874405723e-02 6.115289976563231811e-01
-7.222461711285772801e-02 2.358580635309774284e-02 5.141745152369281424e-01
5.727624924812063645e-02 1.924125011550336176e-02 5.256527779426137803e-01
-5.806694984158257411e-02 -3.236688858037585492e-02 4.753651748544530098e-01
-1.639379866475808301e-01 -4.014964357082988905e-02 4.984158685801950983e-01
-1.155747245842024540e-02 5.234194361800513506e-02 4.712650970754432844e-01
-1.947943551479606322e-02 6.129434080798318307e-02 5.718580381621884978e-01
1.796708244672253971e-02 -3.615894518970627636e-02 4.051570154755956277e-01
-5.074428222005582939e-02 1.826002332638860734e-02 5.300595572305459857e-01
-6.462677058676927211e-02 -4.115937280533111392e-02 4.775736555296452024e-01
-6.171756128560180327e-02 9.857739205297193219e-02 5.685669666311979897e-01
-6.716279750716360082e-03 1.510094387286849832e-02 5.502284253704856631e-01
-1.005274577593212593e-01 -3.033674942096267757e-02 3.627304580358254316e-01
-6.870465891026697469e-02 1.736212100173285811e-02 4.971305138232897103e-01
-4.518444947156727981e-02 -3.123188294471039919e-02 4.619773055844211829e-01
1.544988983545964208e-02 1.908661185066625257e-02 5.581625866330284236e-01
1.442311782860794880e-02 -5.883455305067675223e-02 4.335716460298298935e-01
2.746903005861071542e-02 5.158916365728987569e-02 5.423896162018628786e-01
7.608747971082857608e-02 -3.562869303691078293e-02 3.960261165270425598e-01
1.473789019835587133e-01 -2.677624203476867276e-02 5.003457812497049684e-01
-6.331682781569471230e-02 -3.315621739222086861e-02 4.719498267485259246e-01
-1.271027269688659953e-03 1.093523247743801753e-02 5.538838606625952066e-01
-3.329169526870344453e-02 2.433675991122360646e-02 4.547788059876011757e-01
-7.891442339614046508e-02 1.016147315210148144e-01 5.734631859181389402e-01
1.157612757998245472e-02 -4.937059340725373502e-02 4.422791611163423564e-01
-1.183923000462551445e-01 5.831139205528357294e-02 5.173046325274830437e-01
-2.812541532109721085e-04 1.085275712687731181e-02 5.519244089516120999e-01
