-2.609052293496835068e-02 -1.075230900196818135e-01 6.136569400435751831e-01
-3.391058691091105443e-02 -1.061288752282039671e-01 6.148192171010377072e-01
8.320901672271358712e-03 -1.137526187917440590e-01 6.085020108584305865e-01
-5.640837898202718474e-04 -1.120908046637602157e-01 6.098458592297357761e-01
3.621267022114436906e-02 -1.191193215806276989e-01 6.042386577052644148e-01
-5.729081005139435856e-02 -1.019800599196332147e-01 6.182779190482604603e-01
-1.235912541986147750e-01 -9.129244449104033376e-02 6.278237282418726029e-01
1.591716027061782779e-01 -1.351190727868580577e-01 9.362460018742189138e-01
-1.176209454327765830e-01 -9.220328723966711437e-02 6.269772213471939137e-01
6.619322837197161302e-02 -4.984411623484042569e-02 8.570014631764611979e-01
-1.314410554584429791e-01 -7.485692574565064317e-02 6.273247888858327626e-01
-1.428418779651037807e-01 -6.697057083895815999e-02 6.185859095332589819e-01
-1.114768771551715582e-01 -9.312485302032978696e-02 6.261070143995876025e-01
-9.277932306725349132e-03 -1.122215048041946411e-01 6.182493751002280380e-01
4.448915768565260553e-02 -5.539312701036906011e-02 8.315386843712626597e-01
7.305196289515733521e-02 -6.689720303320859096e-02 8.632850015292796719e-01
-1.442426084439003553e-01 -4.064572180365060017e-02 6.106108394524252247e-01
1.050216855580607123e-01 -6.973795398059019768e-02 8.928204259178625923e-01
1.528027027051513387e-01 3.013209775782121902e-02 9.495320359144350242e-01
1.961858508758012876e-01 -1.168004564996503319e-01 9.690240391839347600e-01
-1.402204868642138169e-01 -6.876239850180128343e-02 6.208393661945517117e-01
1.446216795744453276e-01 -7.998076589051235363e-02 9.263960655318209669e-01
1.442327106264541248e-01 -8.032862864748314957e-02 9.262608347783727325e-01
1.411546865083443958e-01 -1.502079065798358759e-01 1.024859771621345006e+00
3.275085099540577249e-01 -1.484225201844473485e-01 1.098548688433481413e+00
-2.556193070993981967e-03 -8.952006582374817667e-02 7.719235472991526903e-01
-1.479375037208471300e-01 -9.789540553826263369e-02 6.070933887844158772e-01
1.392499279819268618e-02 -7.050443087651661611e-02 7.927157430215497902e-01
3.299753704964250578e-01 -1.498783549041291518e-01 1.101271505479622270e+00
-1.328123463423926676e-01 -7.244844729414741391e-02 6.264534898761282555e-01
-1.582478165849740270e-01 -9.616314164159278643e-02 6.090121808467201525e-01
1.364107383332446022e-01 -1.378820034852090981e-01 9.190766517586959061e-01
5.560186306518282578e-02 -5.759786069357387961e-02 8.441251859514991018e-01
2.389952650970083858e-01 -1.318005141172159944e-01 1.007311419141812658e+00
-4.735404404334751793e-02 -7.894680243219655280e-02 7.215459617172953477e-01
1.474914742301865200e-01 1.914484612196288779e-02 9.454229816199075653e-01
2.871494162619762751e-04 -9.466551526178614007e-02 7.753939743683059271e-01
3.158756473009773796e-04 -9.455673987607655928e-02 7.749295593650116221e-01
8.822382129343209201e-02 -7.085329511008259251e-02 8.789271808908014627e-01
-1.632030170914219314e-01 -9.534886127685926471e-02 6.099302666021124697e-01
-4.890549480022475526e-02 4.088231082628950019e-02 7.338637601852026071e-01
5.064367261521583730e-02 -4.813432172697220540e-02 8.393487829352702656e-01
1.588669260194484345e-01 -8.519570428982978227e-02 9.380112686631952856e-01
-1.388999951438343039e-01 -6.972243862652818813e-02 6.216637210307074390e-01
5.641262571982783025e-02 -4.885208944596743791e-02 8.460155401061767444e-01
-5.155000795482470727e-02 -7.301875817692643489e-02 7.186866188320718551e-01
-1.367546024368025137e-01 -8.198386274909891247e-02 6.218044022556079575e-01
1.358773088339710611e-01 -2.929552123992785421e-03 9.287913959826482602e-01
4.348244514533677885e-02 2.026189146338804731e-02 8.419417932988958464e-01
-1.375524524107542557e-01 -8.284501373459382534e-02 6.210767343727402467e-01
5.882717571439118227e-03 3.095274419512147879e-02 7.980676560591060120e-01
8.986321174619416041e-02 -1.778902356808226004e-01 8.751518201683081699e-01
1.101405518017869040e-01 -1.516419332510536289e-01 8.940966498059790268e-01
9.283947189681857060e-02 -1.728140933459216266e-01 8.784055109496400338e-01
1.372023550646921386e-01 -1.865097610980741717e-03 9.297287445204611700e-01
9.286025301076369920e-02 -1.727422656249723576e-01 8.784233620233937723e-01
4.014331234805255944e-02 -5.780830333205907307e-02 8.260404272181478547e-01
1.537418586450934599e-01 -7.553296957157833169e-02 9.357150442903079401e-01
2.850488053473830830e-01 -6.494537178785926568e-02 1.065381225194913517e+00
-1.327353920761199790e-01 -7.665980405521954921e-02 6.258389175359989620e-01
1.555093146794146453e-01 -7.529947999936709158e-02 9.362155057541081682e-01
1.574434713505364625e-01 -7.443230393501712450e-02 9.383127985477511812e-01
1.527470323336798941e-01 2.032800667633468533e-02 9.416492906007594144e-01
7.690473690392517214e-02 -7.069775505530311033e-02 8.676718174284416829e-01
1.531948251568639174e-01 -7.579361750361422734e-02 9.355431534379485825e-01
9.534716763036524267e-02 -4.510798053403760471e-02 8.884913369501195035e-01
-5.626693558565314807e-02 -7.008527189979121830e-02 7.177331897016895335e-01
2.886929914990156096e-02 4.741299894876661175e-02 8.263724157915318669e-01
2.684232431193833146e-01 -1.853686940736834765e-01 1.040924571680013955e+00
2.191600241117969486e-02 1.816126673474100298e-02 8.234145506685134341e-01
9.609916616126487621e-02 -4.542159510389553317e-02 8.886438613232479078e-01
2.922547065097301222e-01 -1.559679465684907784e-01 1.066353478814707545e+00
5.189776359251661864e-02 -6.336605568065567518e-02 8.392237592478924979e-01
1.385139306829118733e-01 -1.570224543780659177e-01 9.194832837705884110e-01
1.141767821581068931e-01 -1.968329042191346509e-02 9.075454667516054119e-01
6.004281512112755875e-02 -4.397778297457322072e-02 8.507856279229164542e-01
-3.317444295687048406e-02 -5.334581857692356072e-02 7.417910528592359665e-01
7.356560462052132154e-02 -4.183913162346077075e-02 8.663751541580868576e-01
-1.308311272028307715e-01 1.747823560003693155e-02 6.353821479016463769e-01
-5.747889725775895409e-02 2.605093981175863119e-02 7.250099027418906994e-01
-1.276518541035577270e-01 1.274576949355975611e-02 6.385716652269649574e-01
8.262204052282896838e-02 -1.379872501701721321e-01 8.651249787892659748e-01
-1.310445505180184433e-01 1.750055963310895996e-02 6.354044806981251625e-01
2.598897093834166006e-01 -7.947003133489588533e-03 1.045007048200134347e+00
8.260572437744417851e-02 -1.386744117925535480e-01 8.650195488299339264e-01
-8.519461787442769718e-02 4.338431691283309993e-02 6.914360864732459477e-01
1.400395667152355417e-01 -1.573745598862711648e-01 9.214930478681814252e-01
2.032829721301707415e-01 4.656506756543583175e-02 9.939675659993459922e-01
-1.357591694912684555e-01 6.199355169305643433e-03 6.312711772593199155e-01
-1.479878056811034237e-01 -7.378050080429238156e-02 6.133369138739180881e-01
1.415524633749258299e-01 -1.268283210870749418e-02 9.340376436845846397e-01
-1.357733299329532684e-01 5.468983976628166536e-03 6.312975651032205482e-01
1.515536898528747622e-01 -1.592431800256188523e-01 9.333055504343886755e-01
-1.458794245111327825e-01 1.034401523536072620e-01 6.584635594078430687e-01
1.553942543273990062e-01 -1.563984641126737463e-01 9.371578887682027181e-01
2.845707340737080315e-01 -1.822560000685855275e-01 1.057647646146209430e+00
-1.291469245795455190e-01 1.679793473192304348e-02 6.370953177583110749e-01
-1.266450107859831697e-01 1.900218268200178778e-02 6.402852809705529280e-01
6.154970339352620889e-02 -1.415247601032588731e-01 8.456154268596304258e-01
2.408343605294194500e-01 -1.578126646833828417e-01 1.013633155913286954e+00
2.412512164275688181e-02 2.258866623385374570e-02 8.252006596630978574e-01
2.226203118105901310e-02 -4.327524535907502357e-02 8.081306470280266163e-01
7.546719077986620283e-02 -4.981708888297753379e-02 5.824643074163082801e-01
-1.640263864138528926e-01 -4.489245486650136896e-02 6.327059214946529897e-01
-8.869244053901480240e-02 1.154835538074796136e-01 7.064289128231632242e-01
5.100956600004333957e-02 -4.296773642597651044e-02 8.401908871359342612e-01
-7.296212871922819199e-02 3.982170719895394839e-02 7.053536849622112914e-01
2.459205751442363197e-01 -1.703214594715342922e-01 1.016336592504694769e+00
-8.016002635900294770e-02 4.465547651324675710e-02 6.976109660520976030e-01
1.465686526156101920e-02 1.853688573053017749e-02 8.154470061829417471e-01
2.810035257965252109e-01 -1.260302983225780882e-01 9.097032137235824267e-01
2.822061742657622566e-02 -1.274373767016543646e-01 8.103391897707713509e-01
8.673960534494942753e-02 -1.612103608381212638e-01 8.744101215765769375e-01
2.305113056913120906e-01 -1.164212851840432106e-01 1.000169804657106809e+00
-8.021534946726452397e-02 4.586336456224220093e-02 6.976248213606601745e-01
-3.089584530210606403e-02 7.233119258604193968e-02 7.574738260481314045e-01
-6.661700185615793135e-02 4.272145276182554019e-02 7.157665362576597357e-01
-1.310795915734723760e-01 1.135874637075870615e-02 6.358417292907496687e-01
-3.577441829966686998e-02 1.314632195748573207e-01 7.649292250152442962e-01
1.670918448281910607e-01 1.045383538220082814e-01 9.677863055790050240e-01
6.127123184902109193e-02 -1.407144057891457634e-01 8.454363263826091268e-01
-1.404118003069046612e-02 5.582038102660317330e-02 7.724790966701159389e-01
2.513837258485825815e-02 -8.864405752032057662e-02 8.046260425883325906e-01
2.769301428818237709e-01 -1.723377287570086736e-02 1.062985237520451820e+00
7.760415163474423950e-02 -1.256479505112014783e-01 8.620706267116435839e-01
1.558384810495293815e-01 -1.303452351389521036e-01 9.301437114378129367e-01
3.075088944706336758e-01 -1.348906971987327286e-01 1.078163097298627138e+00
-2.588331417674090765e-02 6.673061001976113293e-02 7.620144633692955694e-01
5.981809259770846932e-02 -6.284714384973648371e-02 8.483773413055875068e-01
2.156899721264274039e-01 -1.223647192747314844e-01 9.851161359224421821e-01
1.441044298063611506e-01 -1.614754279340112342e-01 9.250481498894442822e-01
-1.354815395672096801e-01 -4.882337685395823218e-02 6.204839821889014395e-01
2.810752499890479816e-01 -1.977337991949225382e-01 1.052368909924393137e+00
-1.274218390257612354e-01 -6.810415214617283886e-02 6.314190422868298791e-01
1.067551648257852454e-01 -1.579941408875445708e-01 8.903235172079465576e-01
2.805436524357024508e-01 -1.822977777876889915e-02 1.066366081048762293e+00
-2.438417776703053277e-02 1.067913304400709279e-01 7.793629526103316163e-01
1.160763923112126117e-01 -2.256198628809801335e-02 9.131556025743887695e-01
2.152774528129869080e-01 -1.215049784470803584e-01 9.845067315831099730e-01
-3.604636253956022829e-02 1.313853820052763577e-01 7.649042887594954543e-01
-3.097847715069690019e-02 -2.282719549117014773e-02 7.559039851844653324e-01
8.196465809635643252e-02 -1.850766014014771504e-02 8.790856859336894091e-01
2.791690993253320707e-02 -6.654906117687295342e-02 8.098492479265698707e-01
8.788348123889350161e-02 -5.934172708390076517e-02 8.793663782758653902e-01
7.441307049165971077e-02 -3.814446579156973577e-02 8.680697388186477959e-01
6.429478003804073305e-02 -3.924013187893012067e-02 8.559790227149406405e-01
5.963385142131095995e-02 -6.296930146506493631e-02 8.483328818728245180e-01
2.235026925543003307e-01 2.944353671516727194e-02 1.015829253035237745e+00
2.868758430203543486e-01 -1.248877366706027323e-02 1.073256733240798289e+00
-1.329740539458363902e-01 -4.413200953826550144e-02 6.240005701587109099e-01
2.604427822413895449e-02 1.344154177417957174e-01 8.401222956414903242e-01
4.220389435505345066e-02 -7.244203085552143595e-02 8.261945177711109700e-01
2.132117743542762123e-01 -1.211794180042163188e-01 9.839006462008538234e-01
1.173034759541078526e-01 -2.449562530081543163e-02 9.110188750017403914e-01
-3.388552783136122848e-02 1.227561882456185555e-01 7.659322388723275310e-01
8.651714355009276769e-02 -2.257085452378179702e-02 8.838665017092510734e-01
-1.219365519245041440e-01 -6.797604568447566942e-02 6.366084158091744882e-01
7.598311632777979274e-02 -2.226014806840279428e-02 8.729313946733249230e-01
-2.644258884716194080e-01 -4.829754277387496297e-02 8.299578644859814114e-01
1.854239864358100121e-01 -7.130424578672510394e-02 9.638887687873983756e-01
-2.809915664469529728e-02 1.101582007715818934e-01 7.741773878885854776e-01
-1.342909840787399889e-01 -8.488398809974208314e-02 6.234221407376080437e-01
-1.784958559935548653e-02 -8.383484962388602912e-02 7.547634034604214781e-01
4.252461559783537320e-02 -7.373270213630767067e-02 8.257825387676615003e-01
1.544163215126151956e-01 2.604065773882392049e-02 9.532764256638919242e-01
7.171312392723129536e-02 -1.378259023798283078e-01 8.557472041608326085e-01
-1.270795644171283933e-01 -5.624371821772461422e-02 6.301780324951758994e-01
3.822132576920819064e-02 -1.256950485246692006e-01 8.205267092092396464e-01
-1.183702879490848570e-01 -5.793192169503542238e-02 6.403886081606143810e-01
1.601868326549379662e-01 -6.997907384674277587e-02 9.418317145554889747e-01
8.590656797785956034e-02 1.577940392732555541e-01 8.995102309600530033e-01
8.610928317071347982e-02 -6.089558532951247494e-02 8.788556322164833290e-01
1.112333187810388979e-01 -4.377176721838155204e-02 5.782891791278944593e-01
4.303482022424912762e-02 -7.571915266038312109e-02 8.272121003973792464e-01
2.399630291792716752e-01 -1.449591573007576184e-02 1.022471684743298193e+00
2.237159319471807295e-01 -3.042533486893629971e-02 1.002179783356790921e+00
2.417167895627645724e-01 -1.496768334939928106e-02 1.024374749168473153e+00
7.913156169671232976e-02 -6.722416972251908651e-02 8.696764439811368597e-01
3.862809855921846280e-02 -1.255342730753319092e-01 8.214734721332050960e-01
6.381948612357342399e-02 -4.078179887460992720e-02 8.553850876050393959e-01
1.047450274764568368e-01 1.664981297441781583e-01 9.175152930318209998e-01
-4.471400745215833167e-02 -8.300357197469386550e-02 7.240087316426813135e-01
8.316422363844680476e-02 -4.861425878901554087e-02 5.815484954260699002e-01
-2.317290261712215069e-02 -1.519314472312736364e-01 7.108707956970027331e-01
7.105410120178733135e-02 -5.005110065597282581e-02 8.624021225009623759e-01
1.569045947892186155e-01 -1.520374897371686296e-01 9.372897179599424256e-01
7.226063067180288346e-02 -1.381466041923903876e-01 8.558145585756377072e-01
-2.749799812199632543e-02 1.205546142235689733e-01 7.735008657564361734e-01
2.791590545285951852e-02 1.320259521432469996e-01 8.423136763274369221e-01
-5.305433218838228465e-02 -1.386316028255479560e-01 6.858979134034025593e-01
-3.458943939178158594e-02 5.885442531020615431e-02 7.490964491509398693e-01
-6.009684416214625124e-02 4.164849754239563495e-02 7.230137365198793242e-01
1.525260386038619909e-01 -1.614354416747419141e-01 9.344111261629408638e-01
3.581870008052193688e-01 -1.193655195838499300e-02 1.137824855278525948e+00
-5.380084208968198556e-02 3.815270994499490170e-02 7.288339209582350708e-01
2.475350491110569207e-01 -1.548306552400158520e-01 9.130359844083199006e-01
-1.305527255453160507e-01 -4.717148639211803107e-02 6.276119222285476695e-01
-6.011291415999482635e-02 4.155726337254709440e-02 7.230181335205839721e-01
8.777874622479134303e-02 -1.826658260498588426e-01 8.731913130488018204e-01
2.062104357765520007e-02 5.772946007099270110e-02 8.161862093780516414e-01
-1.306665826123084573e-01 -8.754033716880095517e-02 6.269563032953568982e-01
-1.744535867632941994e-01 9.115061226209643375e-02 6.562792295360330153e-01
1.417587061379314284e-01 2.599515241752316241e-02 9.389826276365343949e-01
6.550149361157865668e-02 -4.961166270339267825e-02 8.568888208225644565e-01
1.340431552714707042e-01 -6.638521811248068380e-03 8.080146231963815096e-01
2.324267036053565272e-01 -9.857740851937062815e-03 1.014621647837539387e+00
-6.886171602005689008e-02 -1.315438866274090124e-01 6.730616799255103588e-01
3.231525185022260382e-02 1.400234333041893986e-01 8.476581262834488317e-01
3.785550447238100052e-02 1.340968597593983624e-01 8.534573967472325329e-01
2.461514660972648552e-02 -9.605363747188400136e-02 8.032105847835415702e-01
3.759448408187340569e-03 -9.930049338013173521e-02 7.783994743389821558e-01
9.230452277827144725e-02 -1.862547798099274954e-01 8.781824393005350782e-01
4.084877570812437547e-02 -7.747025188476699964e-02 8.225140280288227856e-01
-2.697997641750009192e-03 3.913643966016374515e-02 7.863302593879922808e-01
-9.228966228825426221e-02 8.105635017242315832e-02 6.976968884925347503e-01
-8.514863412524968644e-02 -1.235395970947848476e-01 6.599746919102146281e-01
6.222455881964497615e-02 -3.945507602380166762e-02 8.537394205188860719e-01
-1.303885061835746706e-01 -4.715482538056870593e-02 6.275911966337490711e-01
8.205747575248661940e-02 -6.705884652496428566e-02 8.725323379571519045e-01
-1.264233749461097234e-01 -8.987101746993746143e-02 6.305145551768787104e-01
-6.108239993903113139e-03 1.405562568629337428e-01 7.996069521302360261e-01
9.290465641460571300e-02 -7.575757748066802577e-02 8.841621252190041691e-01
4.608764749918906750e-02 -7.914729072031653767e-02 8.302737076404068661e-01
2.943337331238973439e-02 1.652417316155731578e-02 8.296838043036119936e-01
2.270598197084958414e-01 3.536074175115404977e-02 1.016836383178840286e+00
1.453252856415654104e-01 -1.978337302911815643e-01 9.228144887702480759e-01
4.881921092346531293e-02 -5.835748847083248314e-02 8.360346337350736956e-01
2.791312014133877362e-02 1.251766107961427288e-01 8.425078065793701887e-01
-2.406522858560146069e-02 -8.719666260202887931e-02 7.475858545046257797e-01
2.943383186314125349e-02 -6.867496865754400825e-02 8.116928415221094095e-01
2.060692957793397451e-02 5.779165477190699451e-02 8.161811802994309861e-01
8.182361610841262789e-02 -6.546082239461398222e-02 8.726086430434720764e-01
2.654937065459527790e-01 -1.520154307868704646e-01 9.303895594368453148e-01
1.057543318162661450e-01 -3.525797241176509278e-02 8.975170845954515420e-01
4.677947111998138896e-02 1.193386236366856534e-01 8.620741794020203574e-01
1.628528530684806089e-02 6.170946127160223393e-02 8.101510267398472909e-01
-1.445320674882535732e-02 -9.047334291271377782e-02 7.583320515093603387e-01
-2.065712280513589197e-02 8.799765448509488941e-02 7.821205248733681392e-01
2.799515979332608054e-02 1.188353179334516729e-01 8.419236128915997819e-01
9.365430815280675891e-02 -7.671451394220525632e-02 8.847914921792894294e-01
2.813082007335165891e-01 -1.923783166542752943e-01 1.053484937333224014e+00
5.601776047472407927e-02 -3.520436270838484677e-02 8.470837171785829955e-01
5.300012877278177659e-02 8.722237890272267757e-02 8.567403856404743889e-01
1.402958688803695730e-01 -1.636604194233031995e-01 9.207509385561410964e-01
2.958898939390560145e-01 -1.670629422960556165e-01 1.071383060658635866e+00
-3.645853349972585922e-02 1.264461592601945350e-01 7.632767811643991207e-01
2.329019717282453800e-03 4.537779245129745093e-02 7.942259268815875517e-01
2.532603397412030652e-02 -6.375771318607792448e-02 8.075301589534383817e-01
3.432506974666578725e-01 -2.835448520635241304e-02 1.119717103818190784e+00
1.300902329506803679e-01 -3.241880301756221161e-02 9.235457029063693923e-01
1.712123530271122129e-01 -1.961473960079142542e-01 9.389750428052223707e-01
1.591838346811225158e-01 -1.968781679569946153e-01 9.352734679713027299e-01
3.207222297910633513e-01 1.805823556514373485e-01 1.131761359443099746e+00
-5.508227428353144883e-02 1.147293369306637001e-01 7.406431642845450192e-01
8.018204759844398122e-02 -1.316448799588725294e-01 8.638192466067029507e-01
-1.844020931849613132e-02 -8.361775347971590888e-02 7.547393807431135304e-01
6.833870123539431685e-02 -4.302814853503110493e-02 8.601153836913172368e-01
-8.138261283104959720e-02 3.637789904917015926e-02 6.951285776999979182e-01
3.384959980467812657e-01 -1.218476031739373910e-01 1.107097016264860123e+00
3.376982155214077186e-01 -1.210234981291453543e-01 1.106878877275937700e+00
3.573820338618661219e-01 -1.212068019197268254e-02 1.137488879995404156e+00
6.312312169842630889e-03 -1.021575220010143836e-01 7.817341154646076928e-01
3.650403347328480819e-01 5.598339838631796739e-02 1.151837802492938545e+00
8.085146398584819316e-02 -1.323532885102224332e-01 8.638635541065740053e-01
8.028141893845688881e-02 -1.318409847254214673e-01 8.638129750124760031e-01
1.805869010531256091e-01 1.059032396375716722e-01 9.780753157784128904e-01
1.425686380700915967e-01 2.891733253086859259e-02 9.395550175501518053e-01
4.660712914852826322e-02 -4.856109922933956463e-02 8.347789116856157987e-01
1.116879132104989653e-01 -1.365218524636467069e-02 9.051623050037788110e-01
-4.825118856938364481e-02 9.722966980577801843e-02 7.469216448928701624e-01
6.055060583565798765e-02 -3.948694340846798517e-02 8.534130396104064875e-01
-7.173579176999358986e-03 1.409574866103565360e-01 7.986361760235672902e-01
-1.226087094823712087e-01 -5.100254765645025057e-02 6.361567614051293340e-01
9.641847871484408861e-02 1.623819279508072477e-01 9.099437825125520352e-01
-1.276222663325970730e-01 -5.355720238350905604e-02 6.299226408887014239e-01
1.619215863681238710e-01 -1.115994778875993021e-01 9.386183367970318825e-01
1.039984160041019807e-03 1.208144480016467015e-01 8.063718087500094667e-01
4.788281751572003725e-02 -5.186690869790955283e-02 8.357254324308396320e-01
-6.790133998079034847e-04 1.193840865655981381e-01 8.050278241077691854e-01
-9.307667251064787040e-02 -1.197617321424825493e-01 6.538312458971732299e-01
-1.335506441752768673e-03 1.401937415299674417e-01 8.047557486724892239e-01
3.643731313695099724e-03 4.480811904331577500e-02 7.953329360585931207e-01
4.657064822887531375e-02 -4.848390388858022509e-02 8.347775519532476540e-01
3.367416893124277610e-01 -1.197649837423943320e-01 1.106647132934285516e+00
-1.077250500519241587e-02 1.215006441277354104e-01 7.940669951042714780e-01
9.390628249569835106e-02 1.518481384454764826e-01 9.076743234261805959e-01
2.316363454361312357e-01 -2.856378471813652512e-03 1.013763095414645266e+00
3.690567481561938395e-02 1.094118178871179986e-01 8.516744546557548645e-01
5.185040158103916552e-02 -3.398626229286875328e-02 8.422437880604110028e-01
9.410197369457735939e-02 -8.620872753441663136e-03 8.911306324293147840e-01
3.391346467549746779e-01 -1.514520064398212629e-01 1.110949726922395131e+00
-1.822501053189456155e-01 7.824030415567732877e-02 6.443940919687175528e-01
1.955457089706830187e-02 1.149916745894212083e-01 8.321206961161544680e-01
2.439555133621633398e-01 -1.740403375028851951e-01 1.014328498538712875e+00
-3.232041286586134071e-02 -8.714841279458304668e-02 7.389400569088483417e-01
1.052708583981652457e-01 -6.399872022672188632e-02 8.935748599254249580e-01
1.589834918729955415e-01 -1.790685045512217521e-01 9.391196508639049201e-01
9.538452652598027048e-02 1.518498385428936892e-01 9.087227036242999656e-01
-6.090648016628510963e-02 7.284809159546667967e-02 7.226708933514650601e-01
-1.217643369814286336e-01 -1.060228632316507907e-01 6.312915534702224774e-01
1.339347777829683062e-01 -1.607669502446137585e-02 8.070229107857822548e-01
2.643904022477922000e-02 -8.286380101502603679e-02 8.066590039312498961e-01
1.145791686874033100e-01 -3.788108407244856340e-02 9.063800031890889564e-01
3.311843773465362184e-01 -1.575968802113714151e-01 1.102283260370364282e+00
2.739691561630192007e-01 -1.974510433089343986e-01 1.044088113512433358e+00
1.396176305860391542e-01 -1.639807202639043948e-01 9.205117743155002419e-01
3.617512680661136293e-01 4.676854296627087904e-02 1.147779763103936812e+00
-1.208517403689124553e-01 -7.950605358465487674e-03 6.436818188834760868e-01
-1.372408900586765679e-01 -9.544215900190831936e-02 6.199044296962999967e-01
-1.240520151260099263e-01 -1.053887639519095337e-01 6.295244648371393081e-01
-4.343503868303437432e-02 -3.303604650963242600e-02 7.794334127758129060e-01
2.862875800701019657e-01 -2.941651969856388330e-03 1.073221456943781238e+00
8.541994459168500767e-03 1.217288645764978000e-01 8.146060392849060472e-01
3.758569534188515443e-02 1.093480598906996781e-01 8.518287743421437685e-01
9.847954557252133756e-02 3.079859823695492351e-03 8.948553115303857775e-01
-1.249623655851862247e-01 -9.822169974111241708e-02 6.369838916845839139e-01
1.121419189998448416e-03 -6.224652064054135570e-02 7.802616189701402361e-01
1.573912660297747401e-01 -1.587259236690108030e-02 9.497416041754792593e-01
4.944206154420223431e-02 -5.507289594059159438e-02 8.370910991808057089e-01
1.541276024449366178e-01 1.889257491526069501e-03 9.496996543406842628e-01
1.075212482567757116e-01 -6.474984156340117536e-02 8.954088652717752117e-01
-1.311090159925497045e-01 2.396683551871088211e-02 6.352372251339830633e-01
2.866457080907438004e-01 -2.920133140427314672e-02 1.070546208903348839e+00
-8.695247265882027898e-02 9.383594510186295257e-02 7.051979106978906175e-01
-1.270126769443234438e-01 -6.130594930535708531e-02 6.324331741562897458e-01
1.089825807678690556e-01 -1.274988864460389545e-02 9.045349189712673654e-01
1.534202861725349476e-01 -1.853740296757970252e-01 9.321015542496778883e-01
-1.227988562247487037e-01 -1.057581046039908351e-01 6.303227106109705602e-01
1.360619789719013928e-01 -2.260094410693945163e-02 9.288246510007839296e-01
-1.227860467130174049e-01 -8.955117816543406439e-02 6.370259794894739258e-01
3.069333865003771866e-02 1.352685042245010405e-01 8.454138727208226900e-01
1.336293929347855125e-01 -1.826283993981523898e-02 8.073086453629746417e-01
1.427279450401038596e-01 -1.723791578139705349e-01 9.226861175736545961e-01
-5.155944574811271303e-02 3.520382350902193785e-02 7.309921600543222153e-01
1.814675419329447592e-01 -6.900568481957018718e-02 9.595033723077582843e-01
3.008320203397585324e-01 1.281873350290933106e-02 1.086986582689360104e+00
-1.318920989109333142e-01 -6.729927779319264114e-02 6.279985510646325375e-01
-3.367097497095739023e-02 -8.702468331563972814e-02 7.376496491368094155e-01
3.329768955832281829e-01 -1.572991464864052225e-01 1.103035856800556047e+00
2.783056044727677189e-02 4.327089053441046836e-03 8.287735838033327695e-01
1.272892090758572792e-01 8.271615272997924137e-03 9.208301563454961425e-01
3.321552589412316708e-02 1.266989569697605234e-01 8.481091832209651793e-01
-1.277430124598034344e-01 -6.100656127474309021e-02 6.312964115065508031e-01
2.959181929975602809e-01 -2.696378288771103526e-02 1.081837134636205011e+00
-1.101772526346364994e-01 -1.091538210300748435e-01 6.401360762530142745e-01
2.416498559246578470e-01 -1.748299408918611297e-01 1.011870302438695468e+00
2.332091539187227391e-01 -2.150621567296800291e-02 1.014814366327751793e+00
3.627680614485828681e-01 4.480787535245552705e-02 1.148540899131814452e+00
-3.475285420596998381e-02 -8.706122266029583945e-02 7.360276246413489654e-01
1.370007479048161170e-01 -1.533082616866706660e-01 9.181734855486255453e-01
-1.477607201654114715e-04 -6.097181705437022814e-02 7.791915139108775978e-01
1.641127878794559902e-01 -1.806042306195345115e-01 9.431245989907178773e-01
-1.370899826912284902e-01 -9.643254290805422513e-02 6.220856154048683972e-01
8.351432080785650691e-02 -1.778822698305146388e-01 8.686906404687971817e-01
2.302484085675209902e-01 7.361307875597570887e-04 1.012652790840606665e+00
3.575545029364379790e-01 1.600694889540778439e-03 1.138526466177272933e+00
1.374288900788027123e-01 -1.151403431799247756e-01 9.162098254798249908e-01
1.425589599613855118e-01 1.459131561943580700e-02 9.393109134303638807e-01
1.385264821024252690e-01 -1.731356639565266864e-01 9.189566231214947312e-01
2.007904514223190356e-02 3.778162244066306935e-02 8.140632777712107915e-01
-6.225666096937845263e-03 -9.742495930687877781e-02 7.667753412776933120e-01
1.025991798332433619e-01 -6.314618145996048204e-02 8.915742126224922570e-01
-4.568702776043902757e-03 4.213119827176911580e-02 7.860973470328043167e-01
-6.059241726421606133e-02 9.352699903976695317e-02 7.338316031994215338e-01
3.679800900150297371e-01 6.029106188819801510e-02 1.154888205121198830e+00
3.014371955749191589e-01 1.470706777538837752e-02 1.087277321544061204e+00
4.377428578030763406e-02 -2.890869842245966104e-02 8.346879023332314240e-01
-1.233109325706086556e-01 5.376925548710651849e-03 6.442369370545093510e-01
-3.529336001008424178e-02 -8.702031804134588433e-02 7.360032882785603192e-01
-1.456251179624043490e-01 -5.067885576896188210e-02 6.077783027044728614e-01
-1.012990321598420951e-01 7.370496350598081114e-02 6.812883297583622877e-01
-1.349426881989987670e-01 -9.699291340384554039e-02 6.217210827628510961e-01
2.729255829878952239e-02 7.504433510332238211e-02 8.247939379552496897e-01
-1.296527372637195086e-01 -1.020600699448005050e-01 6.253625069594422881e-01
3.636079721742194737e-01 4.308614420390891042e-02 1.149327030853104947e+00
-8.033208313602632766e-02 5.932854164651452100e-02 7.011951541328593773e-01
1.594134560830827441e-01 1.041376180942586299e-01 9.596490840762549324e-01
5.169900971089565200e-02 1.260367022836405837e-01 8.670811534945805921e-01
-1.031615356336079981e-01 7.349926599716762043e-02 6.813309199153139151e-01
-3.272393619512862367e-02 -7.261083449293209702e-02 7.396183076069809958e-01
-1.373036043403181861e-01 -6.606229336332516966e-02 6.239702794095371985e-01
-5.710990660784367318e-03 -9.861638368235749186e-02 7.683873304908566126e-01
3.677096632550810179e-02 -5.397229977147764701e-02 8.228127789541068715e-01
-5.455317867353510347e-02 -1.350642497334659797e-01 6.849432822224539308e-01
6.780170599168303114e-02 1.569183854901604336e-01 8.838301419728197272e-01
1.820795672373599072e-01 -1.421672941375208381e-02 9.687456595515496760e-01
2.390213988233033937e-01 -1.651324713114560305e-01 1.009599584298526143e+00
2.136991313145537308e-01 -1.744073113493246341e-01 9.868236010254978208e-01
8.151993520738362586e-02 -1.738717898269026008e-01 8.665363348644083974e-01
6.040037538201901285e-02 -1.372607383634051881e-01 8.447802519276177424e-01
-4.765316619672682608e-02 1.197023781160231615e-01 7.496297266232002654e-01
-1.254624745020520293e-01 -1.023542457124352045e-01 6.283577558475944569e-01
-1.273348600640689665e-01 6.316436364276145632e-02 6.489335452612465804e-01
-1.360786743198625914e-01 -6.588527394864997222e-02 6.238172683810657704e-01
9.891883331960812931e-02 -8.121856545490634127e-02 8.873369715629016996e-01
-1.023808149889513519e-01 7.327522197293477590e-02 6.813493157893781849e-01
-2.004830398188334195e-01 1.090731138435791225e-01 6.684804834335558166e-01
-4.949196779495720205e-02 -8.215866498014182118e-02 7.193682907632773516e-01
1.905340746900890114e-01 -1.348588175443311658e-02 9.712798643008951904e-01
-1.175610131730913527e-01 -7.661886671964611428e-02 6.419644239571625777e-01
-1.314375040555515461e-01 -6.940276521806663934e-02 6.277192055598822540e-01
1.735755079827263070e-01 -1.496760496128501233e-02 9.661957845580447790e-01
-7.987774569257589941e-02 5.957598658642657835e-02 7.011800069095487364e-01
-8.788873840527546000e-02 -6.568388282348223972e-02 6.757211199465824603e-01
6.860199765797600491e-02 -3.653759838132891735e-02 8.609327563237902936e-01
3.736864411490346816e-02 -1.320663718934333153e-01 8.191201742819680387e-01
-6.887720619280116724e-03 -1.189047023669660280e-01 6.617399129968561944e-01
4.719409806124388873e-02 5.565143042961330500e-02 8.470099288879368027e-01
2.080380106672116355e-02 -9.531405002793527648e-02 7.989537119768096440e-01
1.569077858913419943e-01 1.033426740029309565e-01 9.563580069798024441e-01
1.668145824335150185e-01 -1.546246776073950668e-02 9.641730406135978759e-01
-1.187782477196472758e-01 -9.016533516922986546e-02 6.399860051515419146e-01
2.826118124043808244e-01 -8.927680451959241203e-03 9.987304034065854763e-01
4.584285835631354833e-02 -2.812172684723112173e-02 8.364328870183049824e-01
-6.705769656523512257e-02 -5.957417316246076643e-03 7.086605088389951179e-01
1.448323306921611153e-01 1.046974825235794278e-02 9.418680882688563738e-01
3.612301402618662283e-01 -5.480187289548173711e-03 1.141705274711950491e+00
-6.538514726923744247e-02 1.169562921322854915e-01 7.311835134395755498e-01
-1.202515939803996819e-01 1.213616845989042015e-01 6.919654771991579079e-01
2.114344961082253657e-02 -9.561094865959812727e-02 7.989667574161847252e-01
1.582556415647298487e-01 -1.951051480143694769e-02 9.486514450653055208e-01
7.479699015484225777e-02 -1.642274415583778735e-01 8.613571453820050294e-01
-1.317434987960959536e-01 -8.199389751780847280e-02 6.263640246865952443e-01
1.840554436814725026e-01 -1.402266617606141852e-02 9.693389518849094832e-01
-1.155028950122313353e-01 -1.085120350139629902e-01 6.360604265274747426e-01
1.981023923853100499e-01 -1.836987260469547245e-01 9.660777835769834843e-01
-8.962497005219657864e-02 -9.139481848934088992e-02 6.762164774771132203e-01
-2.285442645039199167e-02 3.916193576794890080e-02 8.159255963808559331e-01
-1.000216313295578668e-02 -1.541269649413609111e-01 7.220605782697147035e-01
1.362372202801386822e-01 2.825530516452351773e-02 9.328575572572486152e-01
-6.583064541513861112e-02 1.103814891309596036e-01 7.304128989624730783e-01
3.639135496193035002e-01 4.182011829243759832e-02 1.149408739711507588e+00
8.130941158137829083e-02 -1.588044382677150368e-01 8.680578272752934588e-01
1.304934599129311257e-01 2.873475065823338087e-02 9.265240172488045101e-01
-8.554409139388216565e-02 -1.187580239546753846e-01 6.601920312094636811e-01
-6.623070402500993992e-02 -9.441817549618706368e-03 7.096974271717479965e-01
3.405028872551013608e-02 -6.580683591173272506e-02 8.168501561478344053e-01
-1.310486968607685598e-01 -6.524158170935316636e-02 6.275346224012949836e-01
-1.218602565913257108e-01 5.864966944565383478e-03 6.440817508695585447e-01
-1.308627695158023629e-01 -6.224431464978168876e-02 6.247856615288917004e-01
2.831876762993441043e-01 -5.956064338360778088e-02 1.063600858955967565e+00
2.350114072332192827e-01 -1.985001441858275442e-02 1.016884002639369733e+00
2.520316140511109221e-02 1.084636418006313247e-01 8.380842844222758936e-01
2.816438807809454326e-02 1.161943285513340196e-01 8.415759319703497443e-01
-1.043858282672394944e-01 8.366269263450461235e-02 6.846642229377981614e-01
5.624002339688008445e-02 -6.432196739617947190e-02 8.450761759208651469e-01
2.218731909595868246e-01 1.200821994294824502e-01 1.018149210071420896e+00
2.547727359510696399e-01 2.321530484337921627e-02 1.048238232135753734e+00
-1.302402688204155889e-01 -1.191280698597831228e-01 6.647454685311845468e-01
-1.088903983089663588e-02 -1.194005441089554878e-02 7.734523349322082186e-01
-6.456307869125980925e-02 1.044011173758678385e-01 7.309419283888144436e-01
-1.211635430273306918e-01 -8.773748240174022994e-02 6.372588780771721861e-01
-7.756504080449087846e-02 -1.290583070288879308e-01 7.617332285253602953e-01
1.914196646256451084e-01 -1.295436081954239316e-01 9.638875420955399509e-01
-1.315554342124623799e-02 -4.993688738913768660e-02 8.240609805358095619e-01
6.146792436528699527e-02 1.084431884473198576e-01 8.729458572152364315e-01
-5.790255121033867358e-02 1.077379025151270764e-01 7.384067068382068610e-01
-6.180852639186010244e-03 -9.681182073183186576e-02 7.668510936411875312e-01
4.156562461004852105e-02 -1.422183105027401695e-01 8.229997451011327181e-01
1.932767755898492090e-01 -1.295412453600037483e-01 9.644443997467307961e-01
6.644357112732231230e-02 -1.559547116287078247e-02 8.144520699465472857e-01
2.351140983849263899e-01 -1.728268294096635682e-01 1.005439556672960588e+00
-1.147495923788486721e-01 -8.865405173215414047e-02 6.364637757093146719e-01
-5.192869050660787328e-02 3.348219004935972659e-02 7.300486466193719659e-01
-7.016317713578715254e-02 -1.004895983746657562e-01 6.977514049223116910e-01
1.730363817520738090e-01 -1.843599233395378512e-01 9.509928790967665524e-01
4.893349116518628042e-03 1.295181581223968370e-01 8.103866061173876645e-01
2.233366128209167134e-01 -1.032294137937369849e-01 9.945858772491597000e-01
6.625371984391864588e-03 -1.630607716756223569e-01 7.361705453266321753e-01
1.397570751716744886e-01 -1.731439626111349883e-01 9.192966342227801846e-01
8.861804686018760757e-02 -1.900024199417773563e-01 8.738602721214672187e-01
1.498832063665605785e-01 -6.494771467692544986e-02 9.336257452379804755e-01
1.535821768247751518e-01 -4.080671055843211603e-02 9.453642639063937203e-01
2.736886504750674076e-01 -1.619339264269779866e-01 1.047633534803237509e+00
1.903624710563397993e-01 9.466017814628512050e-02 9.878280528486005352e-01
-1.946357395374508081e-02 -5.599648310356153402e-02 7.561433206688750186e-01
-8.992349514096381960e-03 -1.268199825770781330e-01 7.672407488395610597e-01
2.227629283171150831e-01 1.182311553621826078e-01 1.018536112774473201e+00
-3.993105066014424227e-03 -5.154527212402212899e-02 8.253931315797350399e-01
1.789382637302494583e-02 -1.372700544092571584e-01 7.974387725395467585e-01
1.804437265282129305e-02 -1.165512270268889983e-01 7.939856414141758245e-01
1.988562066293264041e-01 -1.284653116120999979e-02 9.737708139471668023e-01
7.914756897288866000e-02 -5.223101833826908347e-02 8.715331547247574528e-01
2.733540658468015527e-01 -6.054600731622585691e-03 1.058514938490317858e+00
-1.323670339136949203e-01 -6.544046349746512892e-02 6.276889720727013566e-01
1.951338743371709705e-01 -1.300473024786665266e-01 9.649353227761023888e-01
-3.673730898848762139e-02 -1.142677790144533273e-01 7.361034585375075823e-01
-2.249743002709023165e-02 -5.074358498134969031e-02 7.538840518616766184e-01
-2.207406066050896648e-02 -5.051662373973857256e-02 7.539294852393942925e-01
1.703625562991985531e-01 1.429625492986381398e-02 9.707737210448614817e-01
7.067726871433353819e-02 -7.351519142885894198e-02 8.611245525416659774e-01
1.382360481695949217e-01 -7.097430004178874319e-02 9.224034848323755531e-01
3.634790521177370670e-01 3.226427564483177243e-03 1.145460820357943055e+00
-8.358627796972703528e-02 -7.929347389498886053e-03 7.282838145989526391e-01
-1.334443712460192388e-01 -6.579787733226183377e-02 6.260219444009668122e-01
-1.104077633751450876e-01 -1.139334086498603876e-01 6.391505960256546048e-01
4.155035928408543078e-02 -4.631616539441185676e-02 8.305527530596782393e-01
-5.587801442745155001e-02 2.091474559924083251e-02 7.257016138772794944e-01
2.225062709480964684e-01 1.196206054869708851e-01 1.018388849791032724e+00
-8.728923278861211443e-02 -1.186685281208817444e-01 6.583258133597306161e-01
3.589408097708526313e-01 3.724988878144164413e-03 1.140500425445339028e+00
1.864895111886101867e-02 1.256096602817867725e-01 8.311769140718151538e-01
2.637238976145009905e-01 -1.847111747766763956e-01 1.034139452167486928e+00
8.284263348973990027e-02 -1.794293024525711600e-01 8.677177146908257033e-01
1.170905892691459643e-01 -1.843346084337497970e-01 9.019519561482211012e-01
-1.372506212106556489e-01 1.279624589100101552e-02 6.310193826833503383e-01
-4.882785392373796551e-02 -7.996517667613164265e-03 7.296682596540663424e-01
-9.291362972983968627e-02 7.834036771408731115e-02 6.991630993312757392e-01
-5.811216435387022566e-02 -1.362692439294000413e-01 6.817613210658424183e-01
2.125799766641167654e-02 3.588493786249194462e-02 8.147158781879149103e-01
-9.085995690315405715e-02 -6.734629315636588009e-02 6.806579095698449544e-01
1.535514176984069945e-01 -1.663411094872492280e-01 9.239754474794547034e-01
-9.749724220067234812e-03 -1.595692332731689020e-02 7.748255985510814625e-01
-5.177761496053279872e-02 -8.307665979119874256e-02 7.169810462338547241e-01
5.524752963406198009e-02 -2.264145494408219966e-02 8.490466062386402557e-01
7.883501069900125668e-02 -2.167260508323687676e-02 8.754719610022884124e-01
2.946005489888995355e-01 -2.411356362004783357e-02 1.081446496329164120e+00
1.846587454456267707e-01 -7.569214733647089410e-02 9.625618120096375296e-01
1.530080929836808434e-01 -1.120943235470741872e-01 9.316866220143732447e-01
2.536824988763163313e-01 -6.360316644899100674e-03 1.037490897609467000e+00
-1.497402097077608352e-01 1.168487652319677300e-01 6.670941072604750222e-01
6.331074973690457158e-03 5.884394380076327091e-02 7.990373594908114496e-01
-1.247309147224633236e-01 -1.014950834733124863e-01 6.291688545947693445e-01
-1.873259918449277431e-02 1.231687235681561965e-01 7.817521218255673032e-01
2.343815726365724716e-01 -1.751614223190544606e-01 1.003782337629080645e+00
-1.176762163378517190e-01 -2.183529639419384653e-03 6.494407277778027066e-01
-1.142326801018940657e-01 -5.622217732304964771e-02 6.453309128186426324e-01
-1.210688359978296519e-01 -1.027052499347150399e-01 6.321738953554666418e-01
2.913590542183771559e-01 -2.433200316658107321e-02 1.080218205540267151e+00
-1.230147663108319134e-01 -4.352625370289542675e-03 6.422333845109567951e-01
1.797125388845576544e-01 -1.809143224007664641e-01 9.108389987510424612e-01
-1.531221048047788809e-02 -1.516379700930646779e-01 7.178007629345497520e-01
2.799711038175969890e-02 1.159097053817953887e-01 8.415679773123474483e-01
5.066432941500664117e-02 -5.314746064950712917e-02 8.389098853520040588e-01
3.872707579529179392e-03 5.151033876275664530e-02 7.955815044479329634e-01
8.404114198005367686e-02 1.467457163722924451e-01 8.970730294990133524e-01
2.274605366212514024e-01 -1.083549310032321800e-01 9.976918839944021178e-01
1.058311372940436423e-01 -1.858931427321500462e-01 8.909381315291466930e-01
1.993891877321744277e-01 -1.632853073789599860e-02 9.847669370928767707e-01
2.671582847018138529e-01 -1.709289346063639636e-01 1.039392119517537738e+00
-2.416760922454260635e-02 -5.047549580723547508e-02 7.516453943661198789e-01
1.828300886493810229e-01 -1.306108039919986197e-01 9.549582326936634225e-01
1.579329121402008596e-01 -1.346416864760218053e-02 9.665926589370542610e-01
-2.745007239407267277e-02 -1.315210352993872317e-02 7.545539209973119998e-01
1.991035225434701073e-01 -1.755013324561011667e-01 9.776580659674446450e-01
-2.291178851113817930e-02 9.353204461344295784e-02 7.806289376284581971e-01
1.082716232304002102e-01 -1.857211756770331679e-01 8.916035346687014584e-01
-2.422934323624968342e-02 -5.125530528381752604e-02 7.537243584767603366e-01
6.604371970812467074e-02 -3.285965823933623131e-02 8.584765721354994383e-01
-2.489182420509926386e-02 1.143545885101145999e-02 7.527241314085295620e-01
-1.371332841120271040e-01 1.318077217079320976e-02 6.309874016705102617e-01
1.564412011072605635e-01 -6.801670329471071197e-02 9.380902212600154000e-01
3.607132447087038618e-02 -3.497354605768036862e-02 8.244517063906384724e-01
2.267124993922927378e-01 -1.072881431800483676e-01 9.975713532185189747e-01
-9.017916394176085648e-02 -1.172187570923439309e-01 6.559871794188588678e-01
-1.057032770689137480e-01 -6.301589004768450020e-02 6.547663615339842647e-01
-2.468323154075216172e-02 -1.007173815315914739e-01 7.450118225922945925e-01
2.724165346704061075e-01 -6.169898130340053036e-03 1.058172743398020144e+00
-1.026192367868349331e-01 -6.365981871138251535e-02 6.584811875187579489e-01
2.722450887371443695e-01 -1.765635404093188754e-01 1.044572097665229071e+00
7.808369413598871545e-02 -1.570962453167286041e-02 8.745676616545775550e-01
2.968840669111214720e-02 -1.360041023567380714e-01 8.099631576727960303e-01
1.559251093660983523e-01 -6.757315428625884635e-02 9.379865989923761305e-01
3.970152122738802164e-02 -4.034857839805634783e-02 8.275975712736753920e-01
-1.410533030645413910e-01 -1.420612695359357025e-01 8.727929328118756436e-01
-1.370259626671482267e-01 1.314093459067585713e-02 6.309764032815803336e-01
2.782519298398307694e-01 -3.032108217549409762e-02 1.061672825406737575e+00
2.687261810433780318e-01 -2.646749233858304573e-02 1.051726221875321610e+00
2.482838404383117259e-01 -1.681981629363280169e-03 1.031987678559907806e+00
1.442008741990063181e-01 -1.536847619944073373e-01 9.251483499420842804e-01
-1.144165569220010753e-01 -1.061620387444424107e-01 6.372123727141064675e-01
-7.271143856578257680e-02 -1.281590527064411233e-01 6.531514295084688282e-01
-1.369847940990887025e-01 -9.393128180824533713e-02 6.201840320572122867e-01
-7.206188143808626989e-02 9.722264543703755535e-02 7.227022907132825136e-01
-4.837588617565237968e-03 -5.262861947717376726e-02 7.745160819560205079e-01
5.919770885415202855e-02 -2.615620275573870418e-02 8.545532927320553807e-01
2.366301697133127088e-02 -1.227992181374670394e-01 7.989005817860066472e-01
-4.907907775063726288e-03 -1.603567826926528134e-02 7.024731764948628499e-01
2.135696636630185774e-01 -1.769082066688439370e-01 8.185588961575193112e-01
-8.907847604717443468e-02 -9.279276898972876886e-02 6.773938256266892610e-01
2.853050576802718119e-01 -1.651376258970968791e-01 1.060109540644643911e+00
-1.039396250450161929e-01 -4.792626232871960781e-03 6.654873770751393858e-01
3.147213727394972405e-01 -1.680095124291875559e-03 1.098473970396282029e+00
-3.180977609008609625e-02 -6.479432175760120594e-02 7.411720588671667498e-01
3.863389732038753910e-01 4.799468262069558899e-02 1.174212545721423195e+00
-4.693355901916246298e-02 -9.233305536423982995e-02 7.206277915498187081e-01
-1.039335641013046790e-01 -6.467048677271593216e-02 6.574911294290037844e-01
8.501356694380621248e-02 1.490066798050238561e-01 8.981978207487291144e-01
1.832106561366336483e-01 -6.616720525908308635e-03 9.718368470605754927e-01
-6.471410922571922686e-02 -1.303954596306793837e-03 7.101093847333038722e-01
2.582378621297808929e-01 -1.687661924708001027e-01 1.029924526030710830e+00
8.350034475737637754e-03 -1.288417737525686911e-02 7.464501627448878462e-01
2.073838530452395967e-02 -1.397668041389982241e-01 8.010194290148255902e-01
-9.445543266047118358e-02 -6.753437492834010736e-02 6.669503959806779569e-01
-4.588854614917616676e-02 -1.100603115880648963e-01 7.261689330114263763e-01
4.285622143184405347e-02 -2.631478538785040830e-02 8.325282218679792567e-01
-1.329099889162573033e-03 -1.449180547113479156e-01 7.743976171035282796e-01
-2.296953029472436139e-02 -1.396151811283037614e-01 6.516092965943377502e-01
-1.018218004933822973e-01 -6.612955769171846229e-03 6.687605704070266333e-01
2.110585717583091103e-02 -6.075034467531140875e-02 8.026163684624669781e-01
-7.984947087055156711e-02 8.870781837580359042e-02 7.132318417621443807e-01
-1.085193732508502179e-01 1.661239574140632724e-02 6.586909481145237777e-01
-1.458607056991882422e-01 -4.410842667676216633e-02 6.085643449593516330e-01
5.140616856821886294e-02 3.000361581329132749e-02 8.495071358703906172e-01
-1.628265604845541281e-02 -8.954587445269446278e-03 7.668673604373629216e-01
-4.137181897209621373e-02 -4.651198777008139218e-02 7.334905367016006927e-01
8.352350939876891645e-02 6.250903446892445980e-02 8.888294473320543787e-01
-1.135684143488145392e-01 -4.056296578802925760e-03 6.538343071921151051e-01
1.693855665454504777e-01 -7.738926004261443767e-03 9.568630838699210273e-01
-9.086176241296310685e-02 -1.314492170284933641e-02 6.795393123626894960e-01
3.798712269386627684e-03 -1.009930509846618807e-01 7.237699572579552321e-01
2.067480004242198688e-01 -1.749756264179499476e-01 9.802139116000663233e-01
-1.365761956010821954e-01 -3.492177366058305671e-02 6.204257956713465916e-01
-5.487889910026494400e-02 -8.402258956238209398e-02 7.137749129952586369e-01
-1.823541587496368410e-01 6.639838759795653467e-02 6.447883176621249657e-01
8.942323946663405937e-03 -1.296692265647569377e-02 7.477643743592795600e-01
1.544560205079716364e-01 -9.141049804897260003e-03 9.473407724873542657e-01
-9.698947975349427042e-02 1.042282603445684325e-01 6.961796757655991374e-01
-3.357520621176211112e-02 -4.979717177408334722e-02 7.417814054183244910e-01
2.432942922777913547e-02 -2.782821491932949490e-02 8.117516095572303580e-01
4.707039393827416873e-02 -9.150099817852143380e-02 8.294622434092330243e-01
5.297941499513323521e-02 5.548868288393886405e-02 8.541467179261031939e-01
-5.241049083438929085e-02 -1.156679298935850420e-01 7.164143932550753879e-01
-9.006417300364505385e-02 -9.972002080957708195e-03 6.713535429030594859e-01
3.915530838434499311e-02 -2.795736406101030636e-02 8.292520384692876334e-01
-1.877068349404814318e-01 3.836043204440740123e-02 6.480126672545617472e-01
3.526745677460360606e-02 -3.498615594008514657e-02 8.243214405596517302e-01
1.864557272876543881e-01 -6.322747767961719480e-03 9.728184444496805749e-01
-3.529358953432877588e-02 3.340334186454403491e-03 7.451139019745279812e-01
-4.498358701055008013e-02 1.396714720439722751e-02 7.403825741471834476e-01
-5.335418244876135446e-02 6.694857860321373755e-02 7.320776509998763171e-01
5.123304548172991774e-02 -2.446870499281089337e-02 8.442563984354227724e-01
-6.260404460574139907e-02 -1.243187945483432803e-02 6.893893429418388452e-01
-7.198364949284814795e-02 -7.463217886016582092e-02 6.922522151912718913e-01
-1.298658162935220073e-01 -9.869285184136723788e-02 6.252661241111673318e-01
5.675413586475863345e-03 -1.189051571243970179e-02 7.431460642281659812e-01
9.217046813325149857e-02 -1.475399089386899426e-02 8.902188986645221958e-01
3.683885841506918946e-02 -1.402990968020534635e-01 8.179136560724922234e-01
1.673035878495771414e-02 -1.311874232631687898e-02 7.482319740724415746e-01
-1.090784505499063500e-01 -5.037688826601063180e-02 6.531240510209891381e-01
-2.175016588196855560e-01 -1.104725833873792251e-01 7.665273078181876754e-01
-1.028849758575374335e-01 -5.301375899199461950e-02 6.575458833535792191e-01
-9.602413682246316307e-02 -1.268649483509431686e-01 6.578847475921120180e-01
2.547580065683347494e-01 -1.568763962977491877e-01 1.027275563667513270e+00
-1.139376721114580826e-01 -5.524569083143236747e-02 6.491492132933320836e-01
-8.370629684370933798e-02 8.310767473546090082e-04 6.883385239219104168e-01
1.092714283233350500e-02 -8.111467541838180903e-03 7.983291988853188359e-01
-1.381208887885960190e-01 -1.013764479564745330e-01 6.184882954622664686e-01
7.983505625796931968e-04 -7.681043458357493525e-02 7.782455096769369529e-01
-3.004813933462603670e-02 -1.999203661357903603e-02 7.418439005915131723e-01
3.212899109122553387e-01 -2.599112181685036757e-02 1.102202099305392480e+00
-8.389252175407253820e-02 -7.315931861735930353e-02 6.795324321492768327e-01
-1.042725723241684221e-01 -5.052631886787504328e-02 6.527097446283031124e-01
5.046221964481688305e-02 -1.530980992800935192e-01 7.719354571780649987e-01
-4.625705876068831116e-03 -6.233927389843940681e-02 7.733557165884754614e-01
2.591318032345665823e-01 -1.232822613610015661e-01 1.030493401002737563e+00
1.972821903411257904e-02 -1.395614237244349187e-01 8.008990421042914143e-01
1.607794162466552601e-01 -1.370948946333485630e-01 9.350496576574159890e-01
3.576662455400136248e-02 -5.015068857209142167e-02 8.221949343807410937e-01
-8.168999130876297352e-03 -1.418593557511701186e-01 7.673263391563458491e-01
1.358796961468861919e-01 9.160149167587253172e-02 9.388264773122553253e-01
-6.659279636214629483e-02 -6.201016129726889987e-03 7.097450508773324174e-01
-3.677473894460683845e-02 -1.231981989509707553e-02 7.437953118845834766e-01
-1.370247093372390645e-01 -3.480164061592713742e-02 6.204953197763506401e-01
-3.889970889558424377e-02 -1.346130521898507293e-02 7.424139237958853332e-01
-1.165525795673374998e-01 -6.748459668165006885e-03 6.478551491646481475e-01
2.905659093255262213e-02 -1.029429338859548168e-02 8.201776163946710163e-01
-6.946339599629930417e-02 -8.660652752376071838e-04 7.056857701885340672e-01
7.887394990473985644e-04 -7.695066570389696992e-02 7.782314165182144805e-01
5.063103530752675885e-02 -7.436210244245183842e-02 8.375668260410970012e-01
-4.864494287869360750e-02 5.538706160906953918e-02 7.346611665254892953e-01
2.840460940568027004e-01 1.124615128879476872e-01 1.082526867748129451e+00
2.016456386938227097e-01 -2.017892251931690251e-01 9.521984699896182125e-01
-5.739771675978394549e-02 -8.441066940154280662e-02 7.112687267703590166e-01
1.114030035353365672e-01 -1.854552213760588264e-01 8.924649773280970422e-01
1.105246178805792401e-02 -1.717260602008506554e-02 7.946710865730300943e-01
-9.117885343540813037e-02 -1.125213185197853488e-02 6.792079302620251946e-01
1.022655220887684346e-01 9.481201832509426886e-02 9.076984153988608695e-01
-2.563938138013017662e-02 -5.522743747102768636e-02 7.508767042308953643e-01
-3.528740207021869527e-03 6.878952370805994920e-02 7.911644243310291813e-01
1.090084857022642073e-01 3.414819828418623471e-02 9.082087840965762382e-01
-3.414256749215284058e-03 5.851580638234674808e-02 7.882109319020471627e-01
6.194296682104797475e-02 -2.372273350294295743e-02 8.567238393701258614e-01
2.647158442016687152e-01 -1.585863446005022770e-01 1.037907720561861424e+00
-5.001629069651848669e-02 1.318396047736626608e-01 7.492938817963185061e-01
-4.024845600756907227e-02 -1.317462504917692179e-02 7.820514573544266046e-01
9.901684172969849040e-02 -1.599817992807258393e-01 8.838698419378896443e-01
9.903768789094201386e-02 -1.823656533044992409e-02 9.486145213647992902e-01
1.983508510134594782e-01 -1.930275363067555927e-02 9.796042680840887362e-01
-6.741406937572248792e-02 -2.013802259105791984e-02 7.056179812978866650e-01
-9.176369943895457126e-02 -1.258913290691089301e-02 6.778653959032614473e-01
-4.307589198609605707e-02 -4.114894221111096290e-02 7.330366717492959872e-01
2.748028851427099517e-01 -1.209781370071944320e-02 1.060096008526102640e+00
8.615626760868722034e-02 -1.694492411291897427e-01 8.726426254205300603e-01
2.649561911951806015e-01 -1.616263295478271578e-01 1.038049025780588330e+00
7.564384244053634458e-03 -1.323895626999445907e-01 7.861868065531244509e-01
-8.468550088857361435e-02 -7.136106458559891841e-02 6.793031341627940867e-01
2.210710995021226699e-01 -1.433864812665646138e-01 9.915694879682760421e-01
1.600903187102729053e-01 -1.957983314356951526e-02 9.725127241565176828e-01
-1.097677569907043321e-01 -2.727128885564394489e-03 6.557495833194376678e-01
-5.635739174576361032e-02 -4.679681823790752399e-03 7.203157779440805264e-01
1.768359168575576179e-01 -9.884401632025216142e-03 9.641321452671020031e-01
-1.307656395422840956e-01 -4.831448705927379739e-02 6.267715381252014772e-01
-8.645144517654630711e-02 -6.381770145117982018e-02 7.179675851668744224e-01
5.447688560205618535e-02 -2.897859052022268983e-02 8.476529996334656314e-01
-3.667114893076522941e-02 -1.770142446157875471e-02 7.422106852371972430e-01
2.500525669803493334e-01 -1.368634390504332729e-03 1.032603836084510451e+00
4.500299131659327677e-03 -5.655842614310850613e-02 7.844687540361210409e-01
2.131373143153282579e-01 -1.725331052232311271e-02 1.058681112953788750e+00
-3.618986017161787000e-02 -4.796035005634698839e-02 7.388637922494568633e-01
1.613630814796483681e-01 1.101251362180469678e-01 9.634881519129823157e-01
3.220551271416369210e-01 -2.673724072973298477e-02 1.102451960518759932e+00
-1.239206643367850441e-01 -7.497557028069336271e-02 6.376460295261413558e-01
-8.977812791213614363e-02 -1.204976338910912839e-02 6.699670646155020393e-01
2.732408912887990260e-02 -1.131099740027457883e-02 8.466180345119285189e-01
-7.257065878980234475e-02 -1.528839920139116876e-02 6.990039108564083392e-01
3.159831191176061538e-02 1.169897846730933305e-01 8.464440386325552401e-01
2.966662217856613770e-01 -1.514816078988301395e-01 1.068560361000177039e+00
1.894422737632534826e-01 -1.782128122235056567e-01 9.570565846586277514e-01
2.674307920484917944e-01 -2.336747600615824219e-02 1.051116803782262465e+00
-4.175232357425512353e-02 -8.130654972611509046e-02 7.278444438937492489e-01
-5.753987595201517924e-02 5.049270906526690667e-02 7.241468862379953908e-01
2.805284976566280730e-01 -1.350198472887063628e-01 1.052799478628132057e+00
-2.929857710576349097e-02 -1.399703294369010302e-02 7.518822561629038281e-01
1.017748363499514502e-01 -1.859987785041246622e-01 8.898651264664967364e-01
5.362853449071281614e-02 6.436405996111640992e-02 8.546411280135302047e-01
2.389793957485511211e-01 -1.534373267413014982e-02 1.068685583339354261e+00
1.728469158218720603e-02 -2.708604077970031888e-04 8.124942082123709497e-01
-1.101770908729647787e-02 -1.265118508809774944e-01 7.670725603245015511e-01
-7.281921391680430677e-02 1.741905496468854064e-03 6.778678839387564103e-01
-1.070290441000655048e-02 5.402959359569016635e-03 7.854506168501729224e-01
-4.049394387656596317e-02 -4.603311297808603680e-02 7.335572129559939647e-01
6.474035125008353875e-02 -1.561120974579120191e-01 8.479739118082101346e-01
-1.106588296052911091e-01 4.821942769503243312e-03 6.569123859144880839e-01
2.493837214298775390e-02 -2.186760425315062949e-03 8.232745079755250384e-01
2.826964955414569269e-01 5.446274798171438225e-02 1.075220153417268731e+00
-2.424157994783898706e-01 -3.663331921564919047e-02 7.940741447183935486e-01
-9.299234592708921499e-02 -7.138560135550461871e-02 6.680746409245955642e-01
-7.912228696450832044e-02 -6.991989777718284060e-02 6.856212644504786624e-01
2.969583752809919555e-02 -2.017156529105426296e-02 8.194603489130676266e-01
-4.275994619249710513e-03 -2.412834322204039650e-02 7.529873034956398037e-01
-3.684847017502592467e-03 9.870417241842624478e-02 8.016558630037468047e-01
-5.748941682544186915e-02 -1.144076163550201801e-02 7.640619976573261862e-01
6.225294470641543759e-02 -1.167906389253934793e-02 8.566617503331546146e-01
-9.672103101378411172e-02 -6.140245108380744388e-02 6.667765099855529343e-01
8.122782417403326405e-02 1.522706592895764766e-01 8.942477654755836003e-01
6.611044295939942639e-02 -1.689419298632426625e-01 7.978382135191841584e-01
-3.798665730248620281e-02 -1.385695264065996690e-01 7.938587230085007995e-01
2.222491965472834785e-01 -2.126131335984586795e-03 1.003235625961437449e+00
1.049873660075039128e-01 -1.792589707654267117e-01 8.887412417222754213e-01
1.801231430177346882e-01 -1.458902226861589491e-01 9.547125133352974968e-01
-1.649564212489083468e-03 -1.199418205321886501e-03 7.290153088281804417e-01
-3.058618709235684432e-03 9.863028180294022840e-02 8.017633430931425664e-01
3.454111412341147602e-01 -5.979094272506002561e-02 1.119532706296855418e+00
3.159603179512937010e-01 -1.106774746101248791e-02 1.028507049803200069e+00
-9.228985804960529449e-02 -8.244329619329622549e-02 6.685845467354815108e-01
-1.235358531204280297e-01 -7.503762986232256904e-02 6.375976597182223538e-01
2.814873093819338368e-01 5.601480359771457418e-02 1.074091672452454072e+00
8.002591599824397661e-02 -9.332400833167428522e-02 8.690006711569369102e-01
1.760355188529877379e-01 -1.790530570960705559e-01 9.528304307977122356e-01
6.088269390485460952e-02 -9.517087550276527932e-03 8.556208136756684457e-01
1.064496251520489177e-02 -7.024195577375102161e-03 7.983611238126097076e-01
7.913016521654094027e-02 -8.162492938118189045e-02 8.691614961516069826e-01
-2.022351437643928329e-01 -1.024263485526257234e-01 7.570854987799254809e-01
2.765383523902649743e-01 6.551360700001937487e-02 1.069747624380451345e+00
-6.610548605061487837e-02 -1.462932613946857016e-02 7.026362889107543586e-01
-1.181630206370986036e-01 -1.045918180528941643e-01 6.342983745086538949e-01
5.838989099282552303e-02 -1.275742237232068699e-01 8.431914696192144287e-01
2.337402048599082904e-01 -7.036584574113116664e-02 1.008373949563900140e+00
2.402491414480611709e-01 9.891273397051417171e-02 1.033478352039990833e+00
-1.093466200886325790e-01 -4.123421684215653263e-03 6.586396030686183511e-01
-3.814322877133751594e-02 -1.765695418669883249e-02 7.421281539158582907e-01
-1.184695637776921467e-01 7.240219222479098507e-03 6.472526463495551496e-01
1.872989612502584944e-01 -1.783379682715968140e-01 9.563831603442599638e-01
-9.635789591725906628e-03 -2.216318176261565173e-02 7.727196331054586587e-01
2.460774261716888178e-01 -2.073971933679716675e-02 1.028354266277439866e+00
8.237697773097310550e-02 1.340080217694015752e-01 8.941887210496363148e-01
-1.305947641222069411e-01 -7.796669846690058858e-02 6.282428156327951596e-01
8.293400899368895407e-02 4.243228848714923618e-02 8.858623735656799836e-01
-9.696331329965043877e-03 -5.647740497775714102e-02 7.684451639204943341e-01
-1.088816128528237726e-01 -8.952631196924573653e-02 6.357310456071060267e-01
6.917060769077862381e-02 -1.685545739403229160e-01 8.531597081765798229e-01
5.313905891464867220e-02 -8.730835073857865294e-03 8.199138275304967971e-01
2.364004070269535851e-01 -3.460916541479949066e-02 1.015411581006391950e+00
-6.404414644273573320e-02 1.910413069101026678e-02 6.192139827283537068e-01
1.338273615547940290e-02 -1.436132586405683143e-01 7.913283514779383410e-01
-7.450867449626812078e-02 8.521943215362996673e-04 6.981838848553788557e-01
1.930556291538862990e-01 -1.796211756816620819e-01 9.144555249544118469e-01
1.605037198670562493e-01 1.103382659436739216e-01 9.632112994760883007e-01
1.047561895364607365e-01 -2.495188554390207966e-02 9.383442055610787813e-01
1.688546157242881707e-01 -1.777085584089322171e-02 9.647293233524921741e-01
1.864951593609657510e-01 -4.662118659397758436e-03 9.718716411173325964e-01
-1.338138889393694353e-01 -3.764523866791817663e-02 6.244134175221366378e-01
2.644192358468637205e-01 -1.727309741696898826e-02 1.048255022651489954e+00
2.285569439034238204e-01 -5.357025349744641562e-02 1.005499963067764346e+00
2.801198259343427033e-01 6.943737986775617987e-02 1.074075971056915435e+00
2.014829794713347833e-01 -1.391241995783985093e-03 9.870053263907808683e-01
4.257965242363492830e-02 -7.774528577853022371e-02 6.975018231236416177e-01
-4.878096064000962684e-02 6.161700299651571427e-02 7.367636737015832438e-01
-4.643245092889333736e-02 5.041528709497913874e-02 7.372305037246718040e-01
-1.379498181873617217e-02 -8.631895153592401490e-03 7.671758376939697976e-01
3.506586284217631522e-01 5.144846541658375239e-02 1.136264726879662845e+00
2.907889377687841725e-01 -1.082921472482871461e-01 1.066935640182216760e+00
-1.281977839847824319e-01 -7.785360108490838038e-02 6.309079637238220739e-01
3.764782462428942766e-01 1.524965302791940480e-01 1.174082606645282301e+00
-8.168225326298274303e-02 -6.979083364912642973e-02 6.824068245930863252e-01
2.801344738210437280e-01 6.824798358842118495e-02 1.074082483593820303e+00
1.776804593245304709e-01 -1.789346169523999552e-01 9.533521015813024579e-01
-1.760429635126066483e-02 -1.257178665827053156e-02 7.461604864785484903e-01
8.139932475507868914e-02 -1.486551777161183082e-03 8.799483929941108729e-01
-1.164911981887327835e-01 8.324103037829056959e-03 6.492897226487907014e-01
-1.031405029557328906e-01 3.614685297088348574e-03 6.665830208401418711e-01
2.807164554215717533e-01 5.319580282173298758e-02 1.073002901839206435e+00
2.786803079512563119e-01 8.594937187304527160e-02 1.074161189042311504e+00
4.943667846978662406e-02 -2.439881972453278314e-02 8.439290795281183533e-01
8.123316187808336808e-02 5.656834285093315616e-03 8.802700497734649021e-01
1.776061517360362149e-02 -6.174857466762442848e-02 7.989041072683250588e-01
3.449495762902402701e-02 -4.201010752632876322e-02 8.212294415916852053e-01
-1.677141083597921689e-02 -1.258083780622070227e-02 7.462110425502322952e-01
3.753188547209868053e-02 -1.450047166754588612e-01 7.736304489179227639e-01
-1.004959105022024263e-01 -1.639935725997949609e-03 6.660558979411800307e-01
6.035304772717411254e-02 -1.494510812007893152e-01 7.754685208020820619e-01
3.543927791769540536e-01 -8.796287390013410312e-02 1.125735978807373083e+00
2.777807704926474330e-01 7.018778694664895568e-02 1.072441419531390938e+00
-4.901869748490995937e-02 3.253077288477735501e-02 7.330149945663909650e-01
-2.307487994270664925e-03 -5.786997640430736889e-02 7.774391623893011083e-01
-1.192222876602998596e-02 9.623449849387417931e-02 7.905659960446539403e-01
-1.122344764472178319e-01 -7.684206700352063518e-03 6.551680628465441636e-01
-8.265550385037606640e-02 -1.398388795953338717e-02 6.888165195525108864e-01
8.024823457286525685e-02 5.856732181110184919e-03 8.800541362937500667e-01
-7.347015782203322742e-02 -1.309740990660020546e-02 7.006204971456000408e-01
2.357176423253281861e-01 -8.759774500943963427e-02 1.008828164603109645e+00
-4.639443702195573949e-02 -8.838835089987454735e-03 6.948673513081923270e-01
-1.897226518241853024e-02 -4.391642542519244227e-03 7.643964800241263013e-01
-7.260775017585040236e-02 -1.310280404154472687e-02 7.006164044952828407e-01
6.935859310955307111e-02 3.518972375462848384e-02 8.679186640319145329e-01
-4.891612481705561594e-02 6.107050749957115832e-02 7.367939580463280791e-01
-2.421408323199590595e-02 -5.577912071572862368e-02 7.509376481670418935e-01
-4.849566230081262669e-02 -8.971282252414132519e-02 7.188804854466313010e-01
-2.921432766199118930e-02 1.572499509078933457e-04 7.525950454046508309e-01
1.327251616891267881e-02 6.263203751852564061e-02 8.069840910205711149e-01
-1.486610238721623733e-01 -8.476694757265990088e-02 6.106502816668828437e-01
2.780149595457871992e-01 -3.843457223981482790e-02 1.060549037890637702e+00
-1.276481289240196659e-01 -3.920788274081225128e-02 6.315464514547185493e-01
5.614883810135701259e-02 -9.274447159511094163e-02 8.402358485431264956e-01
-8.504424795440974905e-02 -1.196507788514930837e-01 6.597130336155401231e-01
-1.454963272973492927e-01 -8.139994822952853482e-02 6.098993139560117127e-01
-8.834511517595527996e-02 -1.197616340543302821e-01 6.579041351621712774e-01
3.502767579959818744e-02 -1.357740438643922389e-02 8.124054979193917614e-01
-4.452487603473734290e-02 -1.679325811334510948e-02 7.351408757677614370e-01
-4.523615092958003375e-02 -9.701732627291381403e-03 6.991059243654654809e-01
2.097062575298539733e-01 -2.071806989525614567e-02 9.594598352464467350e-01
-4.088757038518076904e-03 -2.229064754460824069e-02 7.788894802661363581e-01
-2.261664795795872637e-02 -9.632466850532649116e-02 7.477241006509133259e-01
8.124226900304394594e-02 2.536703624472573526e-02 8.823468485703274133e-01
2.611466889281899295e-01 -1.733914701034750816e-01 1.034266414257949851e+00
1.332636304755552715e-03 -9.321914299025001183e-02 7.222200686128513736e-01
2.748156737703952857e-01 -4.870114218018648661e-02 1.055687322085442581e+00
5.723638566684211004e-02 -9.598880086823404975e-03 8.549026213791861561e-01
-2.715150387994233125e-02 -2.595730410860764420e-02 7.519775361264571245e-01
-4.617053437388672632e-02 -9.728800265823796256e-03 6.991120444087022268e-01
-7.230786309129692835e-02 -1.301368696026108766e-02 7.004644124288078588e-01
-8.411437902893817431e-02 1.221907394398098340e-01 7.156086003435049303e-01
2.818442245367800414e-01 1.330971449387513272e-01 1.082649373376123103e+00
3.233119383553646644e-04 -1.090589487680624081e-01 7.738118199607519898e-01
-1.000678196497458983e-01 8.012322572080965433e-02 6.888215478805762571e-01
1.076128117802076373e-01 -2.737515964621242692e-02 8.990927066125528055e-01
2.097361858958148306e-01 -6.210437790904266633e-03 9.939670906023242436e-01
