-1.229776543361807278e-01 -3.869726846916338864e-02 5.305890211212740404e-01 2.390000000000000000e+02 2.340000000000000000e+02 2.300000000000000000e+02
1.531599960818288697e-01 5.766269725739566615e-02 6.527008041006433503e-01 2.400000000000000000e+02 2.280000000000000000e+02 2.280000000000000000e+02
1.356772261568330029e-01 5.865002110897363230e-02 6.413344344701057409e-01 2.310000000000000000e+02 2.260000000000000000e+02 2.220000000000000000e+02
-1.310753306160688803e-01 -5.418639437861071106e-02 5.229502354315175294e-01 2.380000000000000000e+02 2.340000000000000000e+02 2.330000000000000000e+02
1.205449698345469334e-01 8.305908462115445257e-02 6.311600325323920568e-01 2.410000000000000000e+02 2.370000000000000000e+02 2.360000000000000000e+02
-1.439557063498261014e-01 -3.980436100601279781e-02 5.219704733548361508e-01 2.460000000000000000e+02 2.400000000000000000e+02 2.400000000000000000e+02
1.052021111720123359e-01 -4.922054211931608386e-02 5.877942106554741031e-01 2.480000000000000000e+02 2.380000000000000000e+02 2.370000000000000000e+02
-1.099378523499092986e-01 -3.830264573228084335e-02 5.367101828686333675e-01 2.450000000000000000e+02 2.370000000000000000e+02 2.350000000000000000e+02
-1.552687735743760178e-01 -3.077818633209552374e-02 5.171705986937471522e-01 6.300000000000000000e+01 7.200000000000000000e+01 8.700000000000000000e+01
1.052957701323242595e-01 -3.914337184014898136e-02 5.890141327661442272e-01 2.380000000000000000e+02 2.390000000000000000e+02 2.410000000000000000e+02
1.052884551419474291e-01 -4.833412585728739247e-02 5.877520642745140966e-01 1.850000000000000000e+02 1.910000000000000000e+02 1.910000000000000000e+02
8.387058220741697157e-02 6.246155154699168516e-02 6.083357202681916043e-01 2.280000000000000000e+02 2.190000000000000000e+02 2.200000000000000000e+02
-1.407305093536996565e-01 -2.665860935985795571e-02 5.233976578725312301e-01 4.500000000000000000e+01 3.600000000000000000e+01 2.900000000000000000e+01
-1.073448416097735753e-01 -2.737544096326231802e-02 5.389373216122402832e-01 6.000000000000000000e+01 4.500000000000000000e+01 3.800000000000000000e+01
1.788253162594271028e-01 5.407120267955305842e-02 6.674367103676538404e-01 1.520000000000000000e+02 1.350000000000000000e+02 1.250000000000000000e+02
1.045016351308842156e-01 8.246684210105396928e-02 6.285412833247253639e-01 2.090000000000000000e+02 2.040000000000000000e+02 2.080000000000000000e+02
-1.281021576964309350e-01 -2.796020510514754531e-02 5.284922197390479193e-01 3.000000000000000000e+01 2.100000000000000000e+01 1.600000000000000000e+01
2.135901166980927468e-01 4.787952256633234982e-02 6.890666586892132406e-01 3.300000000000000000e+01 2.200000000000000000e+01 1.800000000000000000e+01
7.294558386631545821e-02 6.323544090063704104e-02 6.015013879932996632e-01 2.290000000000000000e+02 2.240000000000000000e+02 2.210000000000000000e+02
2.122966934923111448e-01 4.889037520909757933e-02 6.884139795917986193e-01 5.300000000000000000e+01 3.600000000000000000e+01 2.900000000000000000e+01
-1.795201459028865354e-01 -2.725665961122167996e-02 5.044696520461843248e-01 4.200000000000000000e+01 3.100000000000000000e+01 2.700000000000000000e+01
-1.258462409254841874e-01 -2.680852796746387504e-02 5.300378685629978381e-01 3.100000000000000000e+01 2.300000000000000000e+01 2.100000000000000000e+01
-1.281474266043948762e-01 -2.839150989618438592e-02 5.282643647974386569e-01 3.400000000000000000e+01 2.300000000000000000e+01 1.700000000000000000e+01
-1.390241683438978026e-01 -2.755639494060681260e-02 5.233807763137040547e-01 3.100000000000000000e+01 2.600000000000000000e+01 2.200000000000000000e+01
8.772586598405607283e-02 4.007356099241864839e-02 6.026939001593066836e-01 2.520000000000000000e+02 2.490000000000000000e+02 2.440000000000000000e+02
-1.261666088480387637e-01 -2.714380168660511516e-02 5.305559047621845048e-01 2.000000000000000000e+01 1.600000000000000000e+01 1.500000000000000000e+01
1.044473922846285568e-01 -3.270040126209160236e-02 5.923140597496865389e-01 2.070000000000000000e+02 2.010000000000000000e+02 2.010000000000000000e+02
2.157673388027870343e-01 4.857778437594065940e-02 6.908362402134992086e-01 2.600000000000000000e+01 1.800000000000000000e+01 1.500000000000000000e+01
-1.599426011035834094e-01 -2.676826384906919390e-02 5.128402528772395552e-01 4.500000000000000000e+01 3.400000000000000000e+01 3.000000000000000000e+01
-9.857251206455737436e-02 -4.337632158780202474e-02 5.388049715314545685e-01 1.400000000000000000e+01 1.000000000000000000e+01 1.100000000000000000e+01
-1.603381097967292168e-01 -2.730280837038052966e-02 5.137225744283218098e-01 4.300000000000000000e+01 3.300000000000000000e+01 3.100000000000000000e+01
-1.606661692829216004e-01 -2.765828789170361041e-02 5.143268572473911338e-01 3.700000000000000000e+01 2.900000000000000000e+01 2.600000000000000000e+01
1.171553508296257207e-01 6.263197539807963121e-02 6.306509903577458553e-01 3.300000000000000000e+01 2.100000000000000000e+01 2.500000000000000000e+01
-1.835606236776707589e-01 -2.741488204790696118e-02 5.025803455346898874e-01 2.550000000000000000e+02 2.490000000000000000e+02 2.510000000000000000e+02
2.059367750944447462e-01 7.449770911563416420e-02 6.901976261447096972e-01 2.090000000000000000e+02 1.990000000000000000e+02 2.000000000000000000e+02
-1.328205737268272069e-01 -4.091397926330730267e-02 5.249802833327128493e-01 1.200000000000000000e+01 1.000000000000000000e+01 1.100000000000000000e+01
-1.870396306513620599e-01 -3.358968254251683272e-02 5.005005063793246389e-01 5.800000000000000000e+01 8.100000000000000000e+01 9.500000000000000000e+01
-1.268626335898658951e-04 5.796997959563485875e-02 5.467691648397787763e-01 2.800000000000000000e+01 2.300000000000000000e+01 2.000000000000000000e+01
6.779250483844506681e-02 6.359169231818566359e-02 5.982941145943705408e-01 2.420000000000000000e+02 2.340000000000000000e+02 2.310000000000000000e+02
-1.507871734918081463e-01 -3.043097799583887458e-02 5.188599567863145801e-01 7.100000000000000000e+01 9.200000000000000000e+01 1.230000000000000000e+02
-1.064036107932517516e-01 -2.859034528031015668e-02 5.389737206634080957e-01 3.700000000000000000e+01 2.700000000000000000e+01 2.500000000000000000e+01
-1.560185359637527303e-01 -2.688421288800944137e-02 5.165971324458109581e-01 2.430000000000000000e+02 2.330000000000000000e+02 2.320000000000000000e+02
-1.886538507524476160e-01 -1.446653327885494000e-01 6.916750533297171266e-01 1.020000000000000000e+02 9.800000000000000000e+01 1.120000000000000000e+02
-1.775656665821871150e-01 -2.914441901224358589e-02 5.053732109751324364e-01 4.900000000000000000e+01 3.800000000000000000e+01 3.400000000000000000e+01
1.195498975666791502e-01 8.318013284928334194e-02 6.388158492108405584e-01 4.500000000000000000e+01 3.000000000000000000e+01 3.500000000000000000e+01
-1.563249689412554710e-01 -2.714432517056253324e-02 5.170541793455464274e-01 2.430000000000000000e+02 2.330000000000000000e+02 2.320000000000000000e+02
2.177694845421256631e-01 3.098512611263757460e-02 6.873004882126263482e-01 2.550000000000000000e+02 2.380000000000000000e+02 2.340000000000000000e+02
1.231513130494625990e-01 4.114122762952222151e-02 6.275742867843581152e-01 2.500000000000000000e+01 2.500000000000000000e+01 2.500000000000000000e+01
-2.064368583766084952e-01 -1.217104542023935976e-01 5.766177055270018670e-01 5.900000000000000000e+01 5.000000000000000000e+01 4.300000000000000000e+01
-1.770963964098179744e-01 -3.015007024229167040e-02 5.071085600493928647e-01 4.900000000000000000e+01 3.600000000000000000e+01 3.000000000000000000e+01
-1.633632273144497160e-01 -3.012214241002090370e-02 5.129880690222835549e-01 4.400000000000000000e+01 3.300000000000000000e+01 3.100000000000000000e+01
3.862146829557312755e-02 -8.474531574319686678e-02 5.583149039962246318e-01 2.460000000000000000e+02 2.340000000000000000e+02 2.360000000000000000e+02
-1.059681232019504121e-01 -3.094553244612142234e-02 5.393916813152724865e-01 3.600000000000000000e+01 2.600000000000000000e+01 2.400000000000000000e+01
2.236064232514096140e-01 6.282505452467040952e-02 6.998597969730118162e-01 2.290000000000000000e+02 2.170000000000000000e+02 2.170000000000000000e+02
2.209557494826208390e-01 5.275745973202353167e-02 6.955462523631712468e-01 1.780000000000000000e+02 1.980000000000000000e+02 1.970000000000000000e+02
-1.448729981119872001e-01 -2.693718170563120726e-02 5.221924356731616479e-01 2.490000000000000000e+02 2.450000000000000000e+02 2.460000000000000000e+02
1.023020479072137001e-02 4.410212028830443748e-02 5.515364860731249985e-01 2.420000000000000000e+02 2.340000000000000000e+02 2.320000000000000000e+02
4.691076028345538690e-02 6.430596165116544971e-02 5.839557901750743740e-01 2.230000000000000000e+02 2.150000000000000000e+02 2.120000000000000000e+02
-1.107842762800188563e-01 -2.637468213190810942e-02 5.375583190655436328e-01 1.550000000000000000e+02 1.590000000000000000e+02 1.440000000000000000e+02
2.201403410646383674e-01 5.375245232116868110e-02 6.955472565187068579e-01 2.540000000000000000e+02 2.540000000000000000e+02 2.540000000000000000e+02
-1.567488697587451352e-01 -3.361374713881393889e-02 5.160075047702057383e-01 2.490000000000000000e+02 2.330000000000000000e+02 2.340000000000000000e+02
-1.352802948499572389e-01 9.939779033007482834e-02 5.204615698965063819e-01 4.300000000000000000e+01 3.900000000000000000e+01 5.300000000000000000e+01
8.754039641378208447e-02 5.133997255455222120e-02 6.070081398982997145e-01 2.460000000000000000e+02 2.380000000000000000e+02 2.360000000000000000e+02
1.180786281631433093e-01 7.801290904059360320e-02 6.359820564044250668e-01 3.800000000000000000e+01 1.900000000000000000e+01 2.300000000000000000e+01
-7.600572299993295367e-02 8.439748190342806489e-02 5.370636783654274549e-01 1.880000000000000000e+02 1.220000000000000000e+02 9.800000000000000000e+01
-1.512946590535025337e-01 -1.947323256753193121e-02 5.229459038513705194e-01 1.960000000000000000e+02 1.820000000000000000e+02 1.730000000000000000e+02
1.161376135632749135e-01 5.400210968539752993e-02 6.256570387710271852e-01 1.700000000000000000e+01 1.300000000000000000e+01 1.200000000000000000e+01
-1.052102122456619743e-01 -3.085707509805909673e-02 5.388354312236683930e-01 4.200000000000000000e+01 3.300000000000000000e+01 2.800000000000000000e+01
-1.308556092027941820e-01 -2.711268681428682936e-02 5.277687727399722473e-01 2.200000000000000000e+01 1.800000000000000000e+01 1.500000000000000000e+01
-1.222621543849980036e-01 -2.848205821464968104e-02 5.321181326141318779e-01 2.420000000000000000e+02 2.320000000000000000e+02 2.310000000000000000e+02
1.570711085722192590e-01 7.537193795123252327e-02 6.604123443241122215e-01 1.840000000000000000e+02 8.200000000000000000e+01 5.700000000000000000e+01
-1.135650335854287984e-01 -2.430190522341771006e-02 5.364202320805855351e-01 2.420000000000000000e+02 2.390000000000000000e+02 2.340000000000000000e+02
1.052203686154065260e-01 6.324044338667626775e-02 6.227567403409879354e-01 4.100000000000000000e+01 2.000000000000000000e+01 1.900000000000000000e+01
-7.238153293653652731e-02 -8.466082001131113033e-02 5.676577334679779874e-01 1.090000000000000000e+02 1.080000000000000000e+02 1.240000000000000000e+02
7.716262972738936743e-02 6.518455640484345504e-02 6.046736234384487707e-01 3.700000000000000000e+01 1.800000000000000000e+01 1.400000000000000000e+01
1.054238081768227864e-01 7.778811026799423156e-02 6.265328974429489328e-01 4.000000000000000000e+01 2.100000000000000000e+01 2.500000000000000000e+01
-1.361077606131411988e-01 9.897896623104250613e-02 5.209118538556164468e-01 6.800000000000000000e+01 9.700000000000000000e+01 9.300000000000000000e+01
-1.449367973934625187e-01 -3.513900091174521761e-02 5.220751319236983656e-01 2.330000000000000000e+02 2.040000000000000000e+02 2.080000000000000000e+02
-1.338700301948542726e-01 -5.359211848650412280e-02 5.225172638359913968e-01 1.400000000000000000e+01 9.000000000000000000e+00 6.000000000000000000e+00
-4.709999698224929393e-02 -5.527412350843398381e-02 5.480392048264273175e-01 1.420000000000000000e+02 1.330000000000000000e+02 1.260000000000000000e+02
-1.149103525632506617e-01 -2.239437465660188212e-02 5.338777777668209934e-01 1.440000000000000000e+02 1.320000000000000000e+02 1.180000000000000000e+02
-6.120067125054452772e-02 1.366798703143640853e-02 5.631696318690220249e-01 2.000000000000000000e+02 1.660000000000000000e+02 1.540000000000000000e+02
4.405028066632160622e-02 6.241335535994672890e-02 5.823280050586099321e-01 7.200000000000000000e+01 7.400000000000000000e+01 6.100000000000000000e+01
-1.512123698625278678e-01 -4.283711852824575311e-02 5.186333817051614892e-01 2.600000000000000000e+01 2.900000000000000000e+01 3.600000000000000000e+01
-1.438058485398449604e-01 -2.645795508399843496e-02 5.221312404597002743e-01 2.370000000000000000e+02 2.270000000000000000e+02 2.260000000000000000e+02
1.581475271820463879e-01 5.497694178466993459e-02 6.554787687123079243e-01 1.300000000000000000e+01 1.100000000000000000e+01 1.200000000000000000e+01
-1.314812431902512291e-01 1.032056890658532636e-02 5.180102787620723959e-01 1.610000000000000000e+02 1.520000000000000000e+02 1.470000000000000000e+02
-1.143124505799323065e-01 -3.027598788683777756e-02 5.363616273146442071e-01 5.300000000000000000e+01 6.000000000000000000e+01 6.800000000000000000e+01
-1.366609710985533521e-01 -2.662727926941742262e-02 5.250949737447676569e-01 3.100000000000000000e+01 2.600000000000000000e+01 2.200000000000000000e+01
3.147011294234663276e-02 2.938629545592901654e-02 5.593046476758959384e-01 3.700000000000000000e+01 3.700000000000000000e+01 3.500000000000000000e+01
-1.313841995430939935e-01 -2.635779747367894901e-02 5.277811309294829778e-01 5.100000000000000000e+01 3.700000000000000000e+01 3.400000000000000000e+01
7.171852329350972277e-02 -8.316900027659001942e-04 7.163501711581511389e-01 9.000000000000000000e+01 8.900000000000000000e+01 9.400000000000000000e+01
-1.102229769428986206e-01 -2.558574766420717780e-02 5.381278283826070874e-01 2.400000000000000000e+02 2.360000000000000000e+02 2.350000000000000000e+02
1.399741863140619158e-01 8.127779513823830959e-02 6.562863235950052720e-01 4.300000000000000000e+01 4.300000000000000000e+01 4.300000000000000000e+01
-1.472179412953497635e-01 2.234665593632366790e-02 5.175019146639390222e-01 3.300000000000000000e+01 2.600000000000000000e+01 2.000000000000000000e+01
-1.464911684228378252e-01 -3.797757522960430732e-02 5.212069800509346873e-01 8.400000000000000000e+01 7.800000000000000000e+01 8.800000000000000000e+01
-1.531751837593399723e-01 1.337922480929222557e-02 5.099106030404142453e-01 7.100000000000000000e+01 6.600000000000000000e+01 6.300000000000000000e+01
-1.560945236608988207e-01 -3.684676510580636027e-02 5.163026204747303005e-01 7.700000000000000000e+01 8.300000000000000000e+01 1.050000000000000000e+02
1.009478273735044951e-01 3.632108881136494882e-02 6.114077489298034296e-01 6.600000000000000000e+01 6.300000000000000000e+01 7.000000000000000000e+01
-1.480703128321545492e-01 2.114082344124105020e-02 5.191557277070619758e-01 3.300000000000000000e+01 2.800000000000000000e+01 2.200000000000000000e+01
1.996491804825576422e-01 3.741128962118250856e-02 6.785142991324227824e-01 6.200000000000000000e+01 6.000000000000000000e+01 6.100000000000000000e+01
-2.100563883738529314e-01 -1.227351313996748183e-01 5.781046849974597057e-01 1.800000000000000000e+01 1.400000000000000000e+01 1.300000000000000000e+01
1.539917362884943020e-01 4.441551013121414898e-02 6.486844024264492026e-01 6.000000000000000000e+01 5.000000000000000000e+01 4.100000000000000000e+01
-1.511672096383606667e-01 -4.283784671968090402e-02 5.186113815643904612e-01 2.600000000000000000e+01 2.900000000000000000e+01 3.600000000000000000e+01
-1.626215405995342089e-01 3.389989492434340723e-02 5.111868723309729301e-01 8.500000000000000000e+01 7.700000000000000000e+01 7.400000000000000000e+01
1.202372706092202370e-01 3.831669312807685357e-02 6.248471346179037544e-01 2.370000000000000000e+02 2.280000000000000000e+02 2.230000000000000000e+02
1.022658701981623980e-01 3.699570266580198136e-02 6.119089612649263321e-01 6.100000000000000000e+01 6.200000000000000000e+01 6.600000000000000000e+01
5.231331842879864691e-02 -7.234424702426724141e-03 7.099840981779189653e-01 1.310000000000000000e+02 1.310000000000000000e+02 1.330000000000000000e+02
1.654911837743107961e-01 7.658845684564762057e-02 6.646957620231521702e-01 2.370000000000000000e+02 2.440000000000000000e+02 2.500000000000000000e+02
1.276582404904390289e-01 3.766240109360367849e-02 6.295370178148613771e-01 1.080000000000000000e+02 1.130000000000000000e+02 1.170000000000000000e+02
9.926001054052392691e-02 6.410720302926359304e-02 6.193788835266024195e-01 1.170000000000000000e+02 5.500000000000000000e+01 4.200000000000000000e+01
8.954567703114978128e-02 8.578599897303489097e-02 6.199034318853793302e-01 1.580000000000000000e+02 1.280000000000000000e+02 1.360000000000000000e+02
1.098021601976127970e-01 -4.876592076100286222e-02 5.907733320751359374e-01 3.600000000000000000e+01 3.400000000000000000e+01 3.500000000000000000e+01
1.016344935041468833e-01 -3.079956196845069771e-02 5.909659525486373743e-01 2.100000000000000000e+01 1.500000000000000000e+01 1.500000000000000000e+01
1.199090726849679073e-01 3.174883304553719615e-02 6.243266474463550209e-01 2.080000000000000000e+02 1.820000000000000000e+02 1.810000000000000000e+02
2.058897272255062749e-01 1.642205301446237123e-02 6.050660507683027767e-01 7.800000000000000000e+01 8.400000000000000000e+01 9.800000000000000000e+01
-1.408861721120008813e-02 1.013693973820858386e-02 5.113961925343813997e-01 3.400000000000000000e+01 4.700000000000000000e+01 6.600000000000000000e+01
-1.742964994947035218e-01 2.210773083112041112e-02 5.039309504590080424e-01 8.000000000000000000e+00 3.000000000000000000e+00 0.000000000000000000e+00
-1.286344393092030136e-01 -5.296835356011552615e-02 5.234528537934107773e-01 1.800000000000000000e+01 1.000000000000000000e+01 7.000000000000000000e+00
-8.897883616532713258e-02 1.618282984097018859e-02 6.154168949668412658e-01 8.100000000000000000e+01 7.100000000000000000e+01 6.200000000000000000e+01
-1.476546705178319041e-01 -2.743559333417176435e-02 5.208437046849283547e-01 2.480000000000000000e+02 2.460000000000000000e+02 2.470000000000000000e+02
1.006924030768043821e-01 -5.181118336037366517e-02 5.841039136170229629e-01 5.800000000000000000e+01 6.500000000000000000e+01 7.300000000000000000e+01
1.382008437434330272e-01 6.324799769437283725e-02 6.446598440232063076e-01 3.600000000000000000e+01 2.000000000000000000e+01 2.000000000000000000e+01
7.711559526421005173e-02 5.246140978096339863e-02 6.045115058889386495e-01 1.000000000000000000e+01 8.000000000000000000e+00 9.000000000000000000e+00
-1.251583595981287933e-01 -4.114580925049002302e-02 5.297022892973152208e-01 9.000000000000000000e+00 7.000000000000000000e+00 1.000000000000000000e+01
-3.609171792147468708e-03 7.238764966497716891e-02 5.537624791211498421e-01 1.800000000000000000e+02 8.600000000000000000e+01 7.400000000000000000e+01
1.993661036087062965e-01 2.969181106097219455e-02 6.756340849777128232e-01 7.500000000000000000e+01 7.300000000000000000e+01 7.400000000000000000e+01
2.159446919515869701e-01 5.351854714902022636e-02 6.928044891030434860e-01 2.100000000000000000e+02 2.050000000000000000e+02 1.990000000000000000e+02
-1.568951658493104584e-01 -2.526242779810379882e-02 5.159368889308286743e-01 2.420000000000000000e+02 2.330000000000000000e+02 2.260000000000000000e+02
-1.860014739631960790e-01 -2.793624932688382190e-02 5.009362361690172794e-01 2.370000000000000000e+02 2.310000000000000000e+02 2.310000000000000000e+02
2.032537982283390277e-01 3.266774686516305676e-02 6.788118204785376086e-01 8.700000000000000000e+01 1.330000000000000000e+02 1.310000000000000000e+02
-1.329408504332071639e-01 -3.489380838878183844e-02 5.246641304552404073e-01 2.200000000000000000e+01 2.600000000000000000e+01 1.100000000000000000e+01
-1.144101323257157715e-01 -3.592895651848968669e-02 5.356775819924987081e-01 6.100000000000000000e+01 6.800000000000000000e+01 7.800000000000000000e+01
-1.588810355997528068e-01 5.202712876662032859e-02 5.177207518004477427e-01 1.800000000000000000e+01 8.000000000000000000e+00 9.000000000000000000e+00
-1.278755993942772562e-01 -5.285001721349527615e-02 5.276659582090483802e-01 2.000000000000000000e+01 1.200000000000000000e+01 9.000000000000000000e+00
-1.325424175192133902e-01 -4.128159538448625265e-02 5.258750218272690846e-01 1.600000000000000000e+01 1.200000000000000000e+01 1.300000000000000000e+01
9.396995096153526461e-02 5.480219169998919171e-02 6.114038175726617119e-01 6.700000000000000000e+01 7.800000000000000000e+01 8.200000000000000000e+01
1.083383544401537724e-01 -5.289411744774834973e-02 5.886584194660011704e-01 5.400000000000000000e+01 4.800000000000000000e+01 4.800000000000000000e+01
1.730092401402134883e-01 6.138179047309202940e-02 6.665004410879742380e-01 1.620000000000000000e+02 7.500000000000000000e+01 5.500000000000000000e+01
-1.508358341304743833e-01 -3.436142737299905520e-02 5.187898515640283481e-01 1.510000000000000000e+02 1.670000000000000000e+02 1.800000000000000000e+02
-1.811120345774547002e-01 -4.366698609204885950e-02 5.052194701059589121e-01 1.300000000000000000e+01 4.000000000000000000e+00 7.000000000000000000e+00
-9.639399705062995372e-02 -3.453653365050600443e-02 5.432798153328856072e-01 1.600000000000000000e+01 1.500000000000000000e+01 1.300000000000000000e+01
-6.052854098058021992e-02 -7.547426636042575687e-02 7.400510472322121558e-01 2.500000000000000000e+01 1.300000000000000000e+01 1.300000000000000000e+01
-1.491903906622898401e-01 -3.981957046592363852e-02 5.203166093214990351e-01 6.900000000000000000e+01 6.600000000000000000e+01 6.100000000000000000e+01
1.008413998877679824e-01 5.523062560162707302e-02 6.183511989243298812e-01 5.200000000000000000e+01 5.600000000000000000e+01 5.900000000000000000e+01
8.862271712009682501e-02 -4.888057415832038066e-02 5.742918791478759388e-01 1.500000000000000000e+01 1.100000000000000000e+01 1.000000000000000000e+01
-1.520398333799036494e-01 -3.437684442151078129e-02 5.181846275252713907e-01 1.490000000000000000e+02 1.680000000000000000e+02 1.820000000000000000e+02
7.840844818145067951e-02 5.963726260529270823e-02 6.038319380902702482e-01 2.300000000000000000e+01 1.500000000000000000e+01 1.300000000000000000e+01
1.925960003156799716e-01 7.535289963014613068e-02 6.820316415524420028e-01 2.350000000000000000e+02 2.270000000000000000e+02 2.250000000000000000e+02
1.946390265082627302e-01 3.751244147439047882e-02 6.743828505300740739e-01 6.600000000000000000e+01 6.600000000000000000e+01 6.800000000000000000e+01
5.539998708196865879e-02 1.218642307751719410e-02 7.119250313573642908e-01 2.370000000000000000e+02 2.270000000000000000e+02 2.250000000000000000e+02
-1.306790299410438283e-01 -5.830326599062046755e-02 5.226908306656632419e-01 1.420000000000000000e+02 1.330000000000000000e+02 1.340000000000000000e+02
-1.255275826014978502e-01 -2.918598197620599771e-02 5.303273000746034915e-01 3.200000000000000000e+01 2.400000000000000000e+01 2.100000000000000000e+01
-1.505829711488833045e-01 -3.428107216214938691e-02 5.185764515438218147e-01 1.510000000000000000e+02 1.690000000000000000e+02 1.830000000000000000e+02
2.024556375542400227e-02 2.846521847815911693e-02 5.699320096456333973e-01 1.590000000000000000e+02 1.700000000000000000e+02 1.740000000000000000e+02
-1.659395272737632099e-01 -2.680446555335599945e-02 5.116137849410671290e-01 4.200000000000000000e+01 3.500000000000000000e+01 2.900000000000000000e+01
-1.661792538752330239e-01 -2.611884017900999166e-02 5.116708444460059679e-01 5.400000000000000000e+01 4.400000000000000000e+01 4.200000000000000000e+01
1.007867229148917965e-01 -5.132617271848848722e-02 5.840303390236710745e-01 3.400000000000000000e+01 3.300000000000000000e+01 3.100000000000000000e+01
-1.999340189159262149e-01 -1.211761699562950712e-01 5.726566989395500684e-01 2.370000000000000000e+02 2.310000000000000000e+02 2.310000000000000000e+02
1.237177128404218229e-01 2.222080219791270836e-02 4.342038340529399965e-01 4.400000000000000000e+01 3.900000000000000000e+01 3.600000000000000000e+01
1.047423944845816274e-01 -2.137066934614630445e-02 7.660767247919491041e-01 2.100000000000000000e+01 1.500000000000000000e+01 1.500000000000000000e+01
-2.308768191414537277e-02 1.537861943787336566e-02 5.162004246755984571e-01 6.700000000000000000e+01 5.400000000000000000e+01 3.500000000000000000e+01
1.987403898857533768e-01 3.084884293990406562e-02 6.755261706381298081e-01 7.900000000000000000e+01 8.000000000000000000e+01 7.500000000000000000e+01
-8.748300894907111436e-02 -3.449428455670807553e-02 5.479534950420071882e-01 1.620000000000000000e+02 1.460000000000000000e+02 1.330000000000000000e+02
-2.049089794511726736e-01 -1.142307581601664096e-01 5.675459062734314886e-01 3.900000000000000000e+01 4.400000000000000000e+01 5.000000000000000000e+01
9.961241500149606298e-02 4.559453776886292914e-02 6.129674245591782977e-01 8.600000000000000000e+01 8.600000000000000000e+01 8.800000000000000000e+01
-1.899649138341836796e-01 -8.511451320957960642e-02 6.304988019298041202e-01 1.900000000000000000e+02 2.010000000000000000e+02 1.930000000000000000e+02
1.767536942689062474e-01 3.247371517660806867e-02 6.604664999159124417e-01 1.150000000000000000e+02 1.140000000000000000e+02 1.200000000000000000e+02
-1.428048354217575089e-01 -2.864024512428151731e-02 5.224256202377524083e-01 2.410000000000000000e+02 2.330000000000000000e+02 2.310000000000000000e+02
-1.138857954030772640e-01 -2.687592488186858058e-02 5.365262432114971114e-01 4.300000000000000000e+01 3.800000000000000000e+01 3.200000000000000000e+01
-1.612842350459532670e-01 -4.429160712137247130e-02 5.139440386741574995e-01 1.100000000000000000e+01 9.000000000000000000e+00 1.000000000000000000e+01
1.778915835637810694e-01 3.119720797568457243e-02 6.607884509052925903e-01 1.470000000000000000e+02 1.540000000000000000e+02 1.470000000000000000e+02
-2.059641225250659624e-01 -1.161018478783711477e-01 5.696860292064035436e-01 5.300000000000000000e+01 6.100000000000000000e+01 7.400000000000000000e+01
-1.150540175378710755e-01 -2.645252179434769146e-02 5.362789453601538581e-01 2.340000000000000000e+02 2.330000000000000000e+02 2.290000000000000000e+02
4.193210000176422064e-02 6.399548414460758117e-02 5.818961296213812640e-01 2.100000000000000000e+02 1.960000000000000000e+02 1.930000000000000000e+02
-1.269702064887881232e-01 2.627334605602778608e-02 5.748928248998671497e-01 1.300000000000000000e+01 3.000000000000000000e+00 2.000000000000000000e+00
8.333879024948595560e-02 6.811732950592991331e-02 6.112939935341841213e-01 1.070000000000000000e+02 5.900000000000000000e+01 5.500000000000000000e+01
-7.984652058329430591e-02 5.386405859477058460e-03 5.232292862924466936e-01 1.430000000000000000e+02 1.230000000000000000e+02 1.140000000000000000e+02
2.370166962520005999e-02 4.060579617833374316e-02 5.595753799970130116e-01 1.100000000000000000e+02 1.170000000000000000e+02 1.250000000000000000e+02
-2.057491533270765782e-01 -1.107214011467752834e-01 5.258445376784398606e-01 2.440000000000000000e+02 2.390000000000000000e+02 2.450000000000000000e+02
1.053519185194325136e-01 5.740300154745654748e-02 6.183809282167136434e-01 1.650000000000000000e+02 1.660000000000000000e+02 1.700000000000000000e+02
1.904802590193466205e-01 3.373249163786656152e-02 6.709007632705318303e-01 8.300000000000000000e+01 6.500000000000000000e+01 6.300000000000000000e+01
-7.606788541245865232e-02 9.031310148774510105e-02 5.395587938258625815e-01 2.090000000000000000e+02 1.440000000000000000e+02 1.160000000000000000e+02
5.595885004173070665e-02 5.009017213000090119e-02 6.140937070536038878e-01 1.430000000000000000e+02 1.920000000000000000e+02 1.890000000000000000e+02
-1.307419642230362444e-01 1.825400758163772327e-02 5.839392878465946568e-01 9.000000000000000000e+00 5.000000000000000000e+00 4.000000000000000000e+00
-9.305980386646477143e-03 2.923282226101649867e-02 5.325099154932610990e-01 1.200000000000000000e+01 8.000000000000000000e+00 7.000000000000000000e+00
-1.294165238734029943e-01 1.273583755963898258e-02 5.192829972115590165e-01 4.700000000000000000e+01 3.500000000000000000e+01 2.100000000000000000e+01
5.086017762487227839e-03 3.729425424806220163e-02 5.463531070964030567e-01 3.300000000000000000e+01 2.500000000000000000e+01 2.200000000000000000e+01
-1.336946556784701368e-01 -4.740956621109712610e-02 5.253142389318247174e-01 1.400000000000000000e+01 1.000000000000000000e+01 9.000000000000000000e+00
-1.374771685804786203e-01 -2.195494248197083290e-02 5.250996561012549746e-01 1.690000000000000000e+02 1.520000000000000000e+02 1.360000000000000000e+02
1.173907031294901121e-01 -5.205639475091444236e-03 6.098740935112895167e-01 6.800000000000000000e+01 5.000000000000000000e+01 3.800000000000000000e+01
2.258358633409143779e-01 4.893139632972980102e-02 6.974199074583936619e-01 6.200000000000000000e+01 1.800000000000000000e+01 1.500000000000000000e+01
-1.013527228402760771e-01 5.201456573777404196e-02 5.354131285603676016e-01 6.000000000000000000e+00 4.000000000000000000e+00 5.000000000000000000e+00
-1.347970910914311204e-01 -3.532711992596536399e-02 5.257495045605485862e-01 2.420000000000000000e+02 2.320000000000000000e+02 2.330000000000000000e+02
-1.575453403018830245e-01 -4.960888291964320185e-02 5.163225360103672612e-01 7.100000000000000000e+01 6.500000000000000000e+01 6.900000000000000000e+01
-1.378858803474849459e-01 -3.895009763742707937e-02 5.244096044979921212e-01 7.000000000000000000e+00 4.000000000000000000e+00 1.100000000000000000e+01
-1.069774719407063091e-01 -3.354766756504534014e-02 5.382198726255772447e-01 3.900000000000000000e+01 2.900000000000000000e+01 2.700000000000000000e+01
-1.065115705959917419e-01 -4.230951745887446408e-02 5.376555758166094989e-01 9.000000000000000000e+00 7.000000000000000000e+00 1.000000000000000000e+01
-1.505669599864509489e-01 -3.082246144307652924e-02 5.192600644484519634e-01 6.100000000000000000e+01 8.800000000000000000e+01 1.150000000000000000e+02
1.030287668061775491e-01 6.557742009169299779e-02 6.238361949566887388e-01 9.900000000000000000e+01 4.200000000000000000e+01 3.100000000000000000e+01
2.133122294469522728e-01 5.686857048014233584e-02 6.927900343555178919e-01 1.520000000000000000e+02 6.500000000000000000e+01 4.600000000000000000e+01
-1.073191800564274878e-01 -3.403831468587824316e-02 5.388539913014368521e-01 3.400000000000000000e+01 2.900000000000000000e+01 2.600000000000000000e+01
-6.667827247094031129e-02 1.386962768294062731e-01 5.229530109469092691e-01 2.440000000000000000e+02 2.280000000000000000e+02 2.130000000000000000e+02
1.189268409223065981e-01 -3.994097541053803074e-02 6.005113508476348505e-01 7.400000000000000000e+01 5.600000000000000000e+01 4.200000000000000000e+01
9.383390421748441512e-02 -3.324607838893518796e-02 5.843238604535365699e-01 1.900000000000000000e+01 1.300000000000000000e+01 1.500000000000000000e+01
2.009103803899458807e-01 5.179714092335546000e-02 6.834799330267123940e-01 1.600000000000000000e+02 1.430000000000000000e+02 1.270000000000000000e+02
7.471485579328357440e-02 7.137701474911756216e-02 6.054784071218081154e-01 1.000000000000000000e+02 5.200000000000000000e+01 4.200000000000000000e+01
2.012925883424903362e-01 2.983242494681890775e-02 6.773521142395869665e-01 9.300000000000000000e+01 7.400000000000000000e+01 7.000000000000000000e+01
2.011773359859343746e-01 3.057590946468723495e-02 6.765565809183125001e-01 9.200000000000000000e+01 6.800000000000000000e+01 6.400000000000000000e+01
-1.456964239132527428e-01 -4.899576810914952479e-02 5.216720231378506600e-01 7.600000000000000000e+01 6.700000000000000000e+01 6.800000000000000000e+01
-1.897915312299272572e-01 -8.259471916060644181e-02 6.286058359980744026e-01 2.530000000000000000e+02 2.110000000000000000e+02 2.130000000000000000e+02
-1.090529633938200488e-01 -3.116228264997382771e-02 5.378195878238194449e-01 2.440000000000000000e+02 2.340000000000000000e+02 2.320000000000000000e+02
9.629020793393544553e-02 4.398521449997262051e-02 6.097068657790990498e-01 5.200000000000000000e+01 5.900000000000000000e+01 6.500000000000000000e+01
-1.407668108223593395e-01 -9.655696015468864801e-02 8.047331371846235815e-01 2.550000000000000000e+02 2.360000000000000000e+02 2.380000000000000000e+02
1.374012894205133839e-01 5.621131850518928941e-02 6.416219541839562890e-01 2.400000000000000000e+01 2.900000000000000000e+01 3.500000000000000000e+01
-7.903538180950124559e-02 4.813565507151253836e-02 5.584847084158230945e-01 9.000000000000000000e+00 5.000000000000000000e+00 6.000000000000000000e+00
-1.797141774746800202e-01 -4.565853935755534443e-02 5.062787381314186597e-01 9.000000000000000000e+00 7.000000000000000000e+00 8.000000000000000000e+00
1.164615273170308551e-01 -4.053880499812196475e-02 5.986510424138762332e-01 7.700000000000000000e+01 7.200000000000000000e+01 7.900000000000000000e+01
-1.454806083165935959e-01 -5.024458505300244404e-02 5.213424498863975520e-01 3.900000000000000000e+01 3.700000000000000000e+01 4.000000000000000000e+01
-7.434957760364066526e-02 5.503004688864445576e-02 5.389856498561658160e-01 8.000000000000000000e+00 4.000000000000000000e+00 5.000000000000000000e+00
-1.024523656613538780e-01 -4.934257831262894162e-02 5.368733347080191232e-01 1.400000000000000000e+01 8.000000000000000000e+00 8.000000000000000000e+00
-1.113517086600098599e-01 -4.830156299667241054e-02 5.357716771585994131e-01 3.800000000000000000e+01 3.400000000000000000e+01 3.100000000000000000e+01
1.593807868355411328e-01 8.110225448517795199e-02 6.635885138054383736e-01 9.300000000000000000e+01 1.060000000000000000e+02 8.800000000000000000e+01
-1.600125578370956148e-01 -3.675946725313286589e-02 5.149212470730700764e-01 3.700000000000000000e+01 2.900000000000000000e+01 2.600000000000000000e+01
-1.383636446864321135e-01 -3.974009407961875961e-02 5.255598920626332049e-01 9.000000000000000000e+00 7.000000000000000000e+00 1.000000000000000000e+01
-7.630293441538493759e-02 8.920466254333517253e-02 5.391236799874170593e-01 2.140000000000000000e+02 1.420000000000000000e+02 1.170000000000000000e+02
-6.131127134766303777e-02 1.967057560444635325e-02 6.456705650796348284e-01 6.800000000000000000e+01 6.200000000000000000e+01 7.200000000000000000e+01
1.054623975044173129e-01 -5.718619353946210321e-02 5.854678612097253820e-01 3.600000000000000000e+01 3.200000000000000000e+01 3.300000000000000000e+01
5.698874817186048471e-03 -8.379993664386654060e-04 5.143517309504803681e-01 1.080000000000000000e+02 9.400000000000000000e+01 8.300000000000000000e+01
-1.028475121343395970e-01 -4.863806808875700827e-02 5.366452310094361744e-01 1.300000000000000000e+01 9.000000000000000000e+00 8.000000000000000000e+00
-8.626998592909679298e-02 -4.066512069239877625e-02 5.476014671380173837e-01 1.200000000000000000e+01 1.000000000000000000e+01 1.100000000000000000e+01
1.800448460122592576e-01 -1.156355559986451398e-01 5.886604623731570562e-01 1.080000000000000000e+02 1.600000000000000000e+02 2.350000000000000000e+02
1.072535900491976973e-01 6.429386036275251681e-02 6.247291069238962713e-01 1.180000000000000000e+02 5.600000000000000000e+01 4.300000000000000000e+01
-9.727962125641893831e-02 -3.221935980553580769e-02 5.430850621369670561e-01 5.300000000000000000e+01 3.900000000000000000e+01 2.800000000000000000e+01
-1.759826669761562490e-01 -2.317343608802989105e-02 5.046146016264337897e-01 1.550000000000000000e+02 1.380000000000000000e+02 1.200000000000000000e+02
-8.417210466993603479e-02 -4.060099982241979766e-02 5.485643017131859311e-01 1.400000000000000000e+01 9.000000000000000000e+00 1.300000000000000000e+01
1.041192907765080555e-01 4.155631373267889422e-02 6.154433997350231556e-01 8.900000000000000000e+01 8.900000000000000000e+01 8.900000000000000000e+01
-1.855280383943812561e-01 8.858647586186436940e-03 4.970546668797232726e-01 1.630000000000000000e+02 1.480000000000000000e+02 1.410000000000000000e+02
-1.379595159184128228e-01 -3.833033557445203465e-02 5.245566913654187147e-01 1.900000000000000000e+01 1.000000000000000000e+01 1.100000000000000000e+01
-1.381389043010769757e-01 -4.032133438180193069e-02 5.231460906798244270e-01 1.500000000000000000e+01 1.100000000000000000e+01 1.000000000000000000e+01
-1.656316035757298966e-01 -2.758371902587736929e-02 5.117376394753742064e-01 4.400000000000000000e+01 3.500000000000000000e+01 2.800000000000000000e+01
-9.967387646757840114e-02 -3.264969339630091616e-02 5.419499069824345039e-01 3.700000000000000000e+01 2.900000000000000000e+01 2.600000000000000000e+01
5.360443164568758773e-02 -9.026297945181253543e-03 5.863495932499258601e-01 6.400000000000000000e+01 5.700000000000000000e+01 3.800000000000000000e+01
5.345723918593435486e-02 -4.430608007540630389e-02 4.971182469352725675e-01 1.960000000000000000e+02 1.780000000000000000e+02 1.640000000000000000e+02
-1.650723298853721543e-01 9.297224885525348995e-03 5.047131641238471467e-01 1.620000000000000000e+02 1.430000000000000000e+02 1.360000000000000000e+02
-1.019299438361714744e-01 5.113768499508556525e-02 5.363988460579767192e-01 8.000000000000000000e+00 4.000000000000000000e+00 5.000000000000000000e+00
1.012800548100825787e-01 1.441111076978211780e-01 5.663958195829029707e-01 1.490000000000000000e+02 1.150000000000000000e+02 1.160000000000000000e+02
-2.107834205980631259e-01 -1.138972543766235135e-01 5.622098963966366547e-01 2.800000000000000000e+01 2.800000000000000000e+01 2.800000000000000000e+01
1.292564407357969514e-01 6.671746843115608505e-02 5.663696765090792118e-01 6.200000000000000000e+01 5.300000000000000000e+01 4.600000000000000000e+01
-8.899970309417723491e-02 1.353024970943006999e-01 5.241112387427058206e-01 2.410000000000000000e+02 2.210000000000000000e+02 1.970000000000000000e+02
-1.778454198314174950e-01 -4.448999829537735734e-02 5.066230742905807327e-01 1.200000000000000000e+01 8.000000000000000000e+00 9.000000000000000000e+00
-8.672733305883251198e-02 -4.057045100189590747e-02 5.474001370442301839e-01 8.000000000000000000e+00 8.000000000000000000e+00 8.000000000000000000e+00
1.943106164412178871e-01 1.360325319505685249e-01 6.445461050397198743e-01 3.100000000000000000e+01 4.400000000000000000e+01 1.000000000000000000e+00
-8.417541916546375513e-02 -4.092168741933206039e-02 5.486913496793944800e-01 1.600000000000000000e+01 1.200000000000000000e+01 1.300000000000000000e+01
-1.766281562686474738e-01 -4.502805632316535245e-02 5.074184816886743166e-01 8.000000000000000000e+00 6.000000000000000000e+00 9.000000000000000000e+00
-2.105063154741008413e-01 -1.206338839598808943e-01 5.719766363424308997e-01 2.300000000000000000e+01 2.300000000000000000e+01 2.100000000000000000e+01
4.997927853796804015e-02 -1.555826699970858269e-02 7.089548499370160739e-01 1.190000000000000000e+02 1.180000000000000000e+02 1.230000000000000000e+02
-9.036021671710127434e-02 1.258664114066535000e-01 4.824882613412091459e-01 5.600000000000000000e+01 6.700000000000000000e+01 5.300000000000000000e+01
1.643641596304419028e-01 -4.077898575566642203e-02 6.290788192236207443e-01 3.900000000000000000e+01 3.200000000000000000e+01 2.200000000000000000e+01
-1.646138543703967727e-01 9.302850989642466595e-03 5.050508726985146746e-01 1.600000000000000000e+02 1.430000000000000000e+02 1.330000000000000000e+02
-5.140341876203679584e-03 6.763934379156606724e-02 5.520193124731309631e-01 2.550000000000000000e+02 2.550000000000000000e+02 2.550000000000000000e+02
-4.202730567467263811e-02 1.416288375146407090e-02 4.923886236967804919e-01 1.020000000000000000e+02 8.900000000000000000e+01 8.300000000000000000e+01
-2.021897483247028088e-02 1.624085532051544947e-02 5.178657116001196270e-01 9.300000000000000000e+01 7.700000000000000000e+01 6.200000000000000000e+01
-1.758666968433944267e-01 -4.468819448900524655e-02 5.066956232783493830e-01 9.000000000000000000e+00 7.000000000000000000e+00 8.000000000000000000e+00
-2.047259962520554810e-01 -1.244995380656295780e-01 5.798629907071857215e-01 2.370000000000000000e+02 2.280000000000000000e+02 2.290000000000000000e+02
-1.026347610719523795e-01 5.061364675916907307e-02 5.370809358003739709e-01 8.000000000000000000e+00 4.000000000000000000e+00 5.000000000000000000e+00
-1.647879295175614656e-01 -4.472448706540901181e-02 5.135889698451900909e-01 1.000000000000000000e+01 6.000000000000000000e+00 7.000000000000000000e+00
-1.003171926020064442e-01 -3.262171369342491828e-02 5.423481078845554526e-01 1.400000000000000000e+01 1.000000000000000000e+01 9.000000000000000000e+00
-1.890599121521075177e-01 -6.263568928396530400e-02 5.056645750764878766e-01 1.560000000000000000e+02 1.460000000000000000e+02 1.440000000000000000e+02
-8.537392287404393931e-02 -4.124512790300063209e-02 5.476707276691833437e-01 9.000000000000000000e+00 7.000000000000000000e+00 8.000000000000000000e+00
-2.082278642334633723e-01 -1.120400293592426627e-01 5.574878816337424103e-01 3.000000000000000000e+01 3.100000000000000000e+01 3.300000000000000000e+01
1.631450919963834956e-01 6.607028565355270444e-02 6.617291238984795987e-01 3.400000000000000000e+01 2.300000000000000000e+01 1.900000000000000000e+01
-1.725451792926670502e-01 -2.394481818748079444e-02 5.076538694282745068e-01 2.160000000000000000e+02 2.040000000000000000e+02 2.040000000000000000e+02
1.338680817091249808e-01 3.926756684228340649e-02 7.115517077208796115e-01 1.900000000000000000e+01 1.400000000000000000e+01 1.100000000000000000e+01
1.977275182845902035e-01 1.434927576275789318e-01 6.410066962427742876e-01 1.810000000000000000e+02 1.710000000000000000e+02 1.590000000000000000e+02
2.023355770835900957e-01 6.112346027550616401e-02 6.883743719572031905e-01 5.000000000000000000e+01 3.700000000000000000e+01 3.100000000000000000e+01
-2.195569599313975662e-01 -1.347021162407643358e-01 5.955989728836058594e-01 1.510000000000000000e+02 1.330000000000000000e+02 1.210000000000000000e+02
-2.066427346175160884e-01 -1.215668169769780205e-01 5.558070539280006717e-01 1.740000000000000000e+02 1.560000000000000000e+02 1.460000000000000000e+02
2.216453561242954506e-01 3.386325234788584854e-02 6.909320448039915075e-01 5.600000000000000000e+01 4.600000000000000000e+01 4.400000000000000000e+01
-2.171323809390590942e-01 -1.289716398919398821e-01 5.760305927635035461e-01 1.640000000000000000e+02 1.440000000000000000e+02 1.350000000000000000e+02
-2.285717440615647744e-01 -1.372957217526420970e-01 5.984431020877534202e-01 1.640000000000000000e+02 1.490000000000000000e+02 1.420000000000000000e+02
-1.174487594517989869e-01 -3.680155296498935358e-02 5.333318621170997087e-01 5.200000000000000000e+01 4.500000000000000000e+01 3.900000000000000000e+01
2.433713923222850239e-01 2.519644966086064669e-02 6.899169203414575735e-01 1.360000000000000000e+02 6.600000000000000000e+01 5.400000000000000000e+01
-3.396786783498333129e-02 1.552203221648769393e-02 4.855702931475979756e-01 8.300000000000000000e+01 7.200000000000000000e+01 6.800000000000000000e+01
1.795387114732805156e-01 -1.756680180025295968e-01 6.300588334793039147e-01 2.400000000000000000e+01 1.000000000000000000e+01 9.000000000000000000e+00
-1.345932341365465301e-01 -2.256227628285531472e-02 5.255722630378327764e-01 2.010000000000000000e+02 1.790000000000000000e+02 1.580000000000000000e+02
1.612122089997020669e-01 7.105304775142555485e-02 6.617843825204162700e-01 5.800000000000000000e+01 3.400000000000000000e+01 3.000000000000000000e+01
9.299211546411481621e-02 6.814984107712117323e-02 6.168470396309878589e-01 1.250000000000000000e+02 6.100000000000000000e+01 5.200000000000000000e+01
1.539912070131247146e-01 5.405795929523523474e-02 6.522484915612840606e-01 2.900000000000000000e+01 2.400000000000000000e+01 1.800000000000000000e+01
-1.163881561435006207e-01 -2.633574724078962745e-02 5.350870881119308420e-01 2.540000000000000000e+02 2.550000000000000000e+02 2.550000000000000000e+02
1.912888115371198239e-01 8.508832262027588023e-02 6.861354055774845362e-01 1.530000000000000000e+02 1.140000000000000000e+02 8.100000000000000000e+01
1.001190459547072059e-01 1.501843097792732520e-02 6.045894794639161685e-01 1.500000000000000000e+01 1.100000000000000000e+01 8.000000000000000000e+00
-1.249492049533537374e-01 -5.692744757144289208e-02 5.255228867364183376e-01 1.440000000000000000e+02 1.330000000000000000e+02 1.370000000000000000e+02
1.677022185115701336e-01 6.307041392592432905e-02 6.644407584306118997e-01 1.530000000000000000e+02 6.600000000000000000e+01 4.600000000000000000e+01
1.379715948420245919e-01 6.674383547603657263e-02 6.459942791465186351e-01 2.800000000000000000e+01 1.600000000000000000e+01 1.800000000000000000e+01
1.012797165949351208e-01 1.525225318282196277e-02 6.039580998516305144e-01 3.000000000000000000e+01 2.600000000000000000e+01 2.300000000000000000e+01
-1.383856941821531850e-01 -5.711389616078869219e-02 5.202041733535777146e-01 1.530000000000000000e+02 1.440000000000000000e+02 1.390000000000000000e+02
-1.205028607740944446e-01 -8.317980075260029971e-02 5.465612924955877139e-01 1.760000000000000000e+02 1.530000000000000000e+02 1.450000000000000000e+02
8.684900515828558598e-02 6.880585327624287595e-02 6.121941154736980639e-01 1.300000000000000000e+02 6.100000000000000000e+01 4.600000000000000000e+01
-2.174732551632812538e-01 -1.268579233115582627e-01 5.816238843959889993e-01 2.510000000000000000e+02 2.550000000000000000e+02 2.540000000000000000e+02
-8.912728612670206552e-02 -3.949007462488196563e-02 5.464326442425143648e-01 1.300000000000000000e+01 1.100000000000000000e+01 1.400000000000000000e+01
-1.365470917889909930e-01 -5.705900848968316341e-02 5.213020964381630540e-01 1.750000000000000000e+02 1.660000000000000000e+02 1.670000000000000000e+02
-1.644546091462440462e-01 -3.225517632852596683e-02 6.721737457765755153e-01 4.400000000000000000e+01 3.700000000000000000e+01 2.900000000000000000e+01
-1.364041694315935860e-01 -4.786319074627274489e-02 5.243053018731816950e-01 6.500000000000000000e+01 5.500000000000000000e+01 5.400000000000000000e+01
2.241009983911953218e-01 3.436945308142844158e-02 6.932643543688393750e-01 8.300000000000000000e+01 4.900000000000000000e+01 4.700000000000000000e+01
1.836809829189116061e-01 1.375141256376034848e-01 6.360377544527794358e-01 4.000000000000000000e+01 6.100000000000000000e+01 2.000000000000000000e+00
1.318729532585942096e-02 2.213684846414058077e-02 5.433017321942553712e-01 3.400000000000000000e+01 2.700000000000000000e+01 2.100000000000000000e+01
-8.944687009747333273e-02 1.350741104273627535e-01 5.243873445646495268e-01 2.260000000000000000e+02 2.050000000000000000e+02 1.840000000000000000e+02
-8.969894601277655921e-02 -5.632556247523740067e-02 5.400878029366286137e-01 2.100000000000000000e+02 2.110000000000000000e+02 2.160000000000000000e+02
-1.888483286219945489e-01 7.923266909588520812e-03 4.975776760367444651e-01 1.650000000000000000e+02 1.520000000000000000e+02 1.460000000000000000e+02
-1.446256991047497331e-01 -5.825800986266506387e-02 5.178007676681243288e-01 1.610000000000000000e+02 1.490000000000000000e+02 1.490000000000000000e+02
-6.689525218914886551e-02 1.796550789446903565e-02 5.900673373684034440e-01 2.300000000000000000e+01 2.100000000000000000e+01 2.400000000000000000e+01
1.257841206101169979e-02 -6.442871015037617173e-03 5.300735442148363230e-01 1.880000000000000000e+02 1.830000000000000000e+02 1.790000000000000000e+02
1.888724508616118347e-01 5.902773858366330145e-02 6.769946367407787546e-01 1.600000000000000000e+02 7.500000000000000000e+01 5.500000000000000000e+01
-7.813178601452686056e-02 6.357978743553739653e-02 5.077905492594125825e-01 2.500000000000000000e+01 2.500000000000000000e+01 2.700000000000000000e+01
1.011087844606158997e-01 1.470322459423836943e-02 6.041444500979659127e-01 3.300000000000000000e+01 2.800000000000000000e+01 2.400000000000000000e+01
2.291081778759092580e-01 4.146059939569336772e-02 6.978256959247757241e-01 1.490000000000000000e+02 6.300000000000000000e+01 5.000000000000000000e+01
-2.026996220468927634e-01 -1.150562318438344833e-01 5.407607541255724515e-01 2.550000000000000000e+02 2.550000000000000000e+02 2.530000000000000000e+02
1.889062627664999938e-01 5.932888383311649139e-02 6.769533818826451999e-01 1.590000000000000000e+02 7.300000000000000000e+01 5.000000000000000000e+01
-1.169907195935681182e-01 -2.763789336388742038e-02 5.342276463957459365e-01 2.550000000000000000e+02 2.550000000000000000e+02 2.550000000000000000e+02
-1.591489286318542029e-01 -6.072385550954882000e-02 5.121508990967831298e-01 2.080000000000000000e+02 2.120000000000000000e+02 2.230000000000000000e+02
-1.903791594224749362e-01 -2.906836613513983508e-02 4.980057556910540417e-01 2.540000000000000000e+02 2.540000000000000000e+02 2.540000000000000000e+02
-2.272745577611922363e-01 -1.399922426115142449e-01 6.075294312931966978e-01 1.570000000000000000e+02 1.440000000000000000e+02 1.280000000000000000e+02
-1.827916533757190376e-01 -6.591579362938336517e-02 5.112354596064655476e-01 1.960000000000000000e+02 1.730000000000000000e+02 1.570000000000000000e+02
1.828598898504525394e-01 1.374609577425892071e-01 6.363187236366113497e-01 1.900000000000000000e+01 5.400000000000000000e+01 0.000000000000000000e+00
1.829902283571102628e-01 1.374237338654720197e-01 6.362828646976778080e-01 1.900000000000000000e+01 5.400000000000000000e+01 0.000000000000000000e+00
-2.083243275568132380e-01 -1.116801752641550100e-01 5.620838614382288601e-01 2.520000000000000000e+02 2.380000000000000000e+02 2.350000000000000000e+02
-2.622282582890119590e-02 1.506211046290669396e-02 5.140109114713075078e-01 9.500000000000000000e+01 7.700000000000000000e+01 5.700000000000000000e+01
-5.577877211268121582e-02 -4.524046003133103816e-02 5.543920836144468067e-01 3.000000000000000000e+01 3.200000000000000000e+01 4.500000000000000000e+01
-1.297893531743634643e-01 -5.106168242958199904e-02 5.241653081509008993e-01 1.500000000000000000e+01 9.000000000000000000e+00 9.000000000000000000e+00
-1.172980437748257498e-01 -2.193229837805415333e-02 5.330530909461183020e-01 1.760000000000000000e+02 1.610000000000000000e+02 1.420000000000000000e+02
-4.272132187702151057e-02 9.840860660932515200e-03 5.166028613017334958e-01 3.000000000000000000e+01 3.700000000000000000e+01 5.300000000000000000e+01
1.132851836813700414e-01 8.166959535921566871e-02 6.036505614296029387e-01 1.030000000000000000e+02 7.700000000000000000e+01 6.000000000000000000e+01
5.766266765143149980e-02 3.763260738124764304e-02 5.042042113739241271e-01 2.500000000000000000e+01 1.500000000000000000e+01 1.400000000000000000e+01
-8.867215209424769706e-02 -3.950681018864495714e-02 5.461214767667512682e-01 1.400000000000000000e+01 9.000000000000000000e+00 1.300000000000000000e+01
-1.578770770987364958e-01 -2.924735684938003372e-02 5.154206255362415723e-01 2.400000000000000000e+02 2.360000000000000000e+02 2.330000000000000000e+02
-1.565336430504589704e-01 -5.939194094607536806e-02 5.166932045590948430e-01 1.710000000000000000e+02 1.590000000000000000e+02 1.590000000000000000e+02
-1.825525098291435055e-01 4.479761221361817404e-03 5.066652610379003274e-01 2.190000000000000000e+02 2.220000000000000000e+02 2.310000000000000000e+02
-9.023165009705017003e-02 -5.679439200375616115e-02 5.408153402126115727e-01 2.470000000000000000e+02 2.450000000000000000e+02 2.480000000000000000e+02
2.330841796130022070e-01 2.512119441103611434e-02 6.970205165363639876e-01 1.420000000000000000e+02 6.400000000000000000e+01 5.400000000000000000e+01
-1.031371755203855933e-01 -2.848890315925118460e-02 5.408021309451082059e-01 3.900000000000000000e+01 2.700000000000000000e+01 1.500000000000000000e+01
-2.090661924147381723e-01 -1.194923394332752381e-01 5.529445705317453941e-01 2.550000000000000000e+02 2.550000000000000000e+02 2.550000000000000000e+02
-1.317309395907390324e-01 1.982605413618708859e-02 5.252123786095292957e-01 4.400000000000000000e+01 3.700000000000000000e+01 2.700000000000000000e+01
-2.958079611109540319e-02 6.777486295186731236e-02 5.477890947903991670e-01 2.400000000000000000e+01 1.000000000000000000e+01 1.000000000000000000e+01
1.201852470519205601e-01 -1.310761481345223446e-02 6.093563944719425640e-01 9.000000000000000000e+00 9.000000000000000000e+00 1.100000000000000000e+01
-1.648040345072546708e-01 -2.225232287495359021e-02 5.118902962255967859e-01 1.940000000000000000e+02 1.780000000000000000e+02 1.630000000000000000e+02
-3.278457574231031374e-02 -1.373185568834819036e-02 3.674798105576109197e-01 2.300000000000000000e+01 2.300000000000000000e+01 3.300000000000000000e+01
1.916094016656840204e-01 7.868544781918436481e-02 6.843845304855963319e-01 8.700000000000000000e+01 1.000000000000000000e+02 9.000000000000000000e+01
-7.536118665260850558e-02 -4.467912764863664343e-02 5.511457349645502157e-01 5.000000000000000000e+01 5.000000000000000000e+01 5.800000000000000000e+01
-1.023679267901960593e-01 -5.548127646941574537e-02 5.351463124072891597e-01 1.390000000000000000e+02 1.270000000000000000e+02 1.270000000000000000e+02
-7.981991868264504131e-02 -4.261422783499878297e-02 4.950553599606181132e-01 1.470000000000000000e+02 1.370000000000000000e+02 1.380000000000000000e+02
1.272209666395668348e-01 3.538991360494950916e-02 6.288136590095200207e-01 9.800000000000000000e+01 9.900000000000000000e+01 1.030000000000000000e+02
7.579219403756040641e-02 5.851724959623636618e-02 6.018726423572895445e-01 3.400000000000000000e+01 2.400000000000000000e+01 2.200000000000000000e+01
-2.229434062502212988e-01 -1.371241822543002031e-01 6.019966154963333205e-01 1.440000000000000000e+02 1.240000000000000000e+02 1.150000000000000000e+02
1.219522729516108600e-02 4.702576881119902019e-02 5.472480837563000744e-01 2.320000000000000000e+02 2.270000000000000000e+02 2.240000000000000000e+02
-1.601478955307767682e-01 -6.128717896631050155e-02 5.135093186092577477e-01 2.130000000000000000e+02 2.210000000000000000e+02 2.340000000000000000e+02
-1.511517155806021417e-01 -8.372617512964455888e-02 5.756427019496737074e-01 1.750000000000000000e+02 1.590000000000000000e+02 1.440000000000000000e+02
1.927546780508118673e-01 7.954459422161197502e-02 6.855246215134292997e-01 2.310000000000000000e+02 2.130000000000000000e+02 1.910000000000000000e+02
-1.794253763091445686e-01 -6.085857313650370332e-02 5.053282807641046315e-01 1.600000000000000000e+02 1.550000000000000000e+02 1.510000000000000000e+02
-7.596155023927811389e-02 -4.475559905572530639e-02 5.516359934562490297e-01 5.300000000000000000e+01 5.200000000000000000e+01 6.000000000000000000e+01
-1.249443981137191989e-01 -5.617447298425690821e-02 5.253169181416077471e-01 1.360000000000000000e+02 1.250000000000000000e+02 1.190000000000000000e+02
1.141884311767335930e-01 -8.434627692130665377e-03 6.062367872909877331e-01 1.100000000000000000e+01 9.000000000000000000e+00 1.000000000000000000e+01
-6.565178509050985899e-03 1.345006323457351716e-01 5.522081472342431629e-01 2.340000000000000000e+02 2.130000000000000000e+02 1.920000000000000000e+02
-1.244856684703556232e-01 -8.106551890999123822e-02 5.433365759922440530e-01 1.680000000000000000e+02 1.510000000000000000e+02 1.350000000000000000e+02
1.103810709327621847e-01 3.993380275987672146e-02 6.173500788947138274e-01 6.100000000000000000e+01 4.600000000000000000e+01 4.300000000000000000e+01
-1.420663297908042466e-01 1.177848862765219912e-01 4.986501595482075166e-01 1.850000000000000000e+02 1.510000000000000000e+02 1.130000000000000000e+02
-1.561539011711757241e-01 -5.564713298031047362e-02 4.989287995272355669e-01 1.530000000000000000e+02 1.420000000000000000e+02 1.380000000000000000e+02
-1.317855439712103394e-01 1.927015794763566395e-02 5.258686964752103954e-01 4.400000000000000000e+01 3.500000000000000000e+01 2.800000000000000000e+01
-1.471390446074571923e-01 -6.333248566403582025e-02 5.231875463478843358e-01 1.600000000000000000e+02 1.360000000000000000e+02 1.260000000000000000e+02
-7.906772773804969512e-02 8.684878019751669787e-02 5.371552985114798062e-01 1.770000000000000000e+02 1.210000000000000000e+02 9.600000000000000000e+01
-7.963365328692423306e-02 -4.457227576168085181e-02 5.075702126100062328e-01 1.470000000000000000e+02 1.390000000000000000e+02 1.370000000000000000e+02
1.359395176737826783e-01 -5.940541272634073527e-02 6.545888717395635936e-01 4.500000000000000000e+01 3.200000000000000000e+01 2.400000000000000000e+01
-9.011495220677025186e-02 -3.692334981973980496e-02 5.462869916176987806e-01 2.400000000000000000e+01 1.500000000000000000e+01 6.000000000000000000e+00
-5.052082240174969596e-02 -3.510525065414173140e-02 5.096668938623751810e-01 2.400000000000000000e+01 2.800000000000000000e+01 3.900000000000000000e+01
-7.961632816584517103e-02 8.556499584113903822e-02 5.364637363576153506e-01 1.720000000000000000e+02 1.200000000000000000e+02 9.900000000000000000e+01
-1.791081204619776046e-01 -5.697705073999838332e-02 5.099217526980770465e-01 1.900000000000000000e+01 1.100000000000000000e+01 8.000000000000000000e+00
-2.988575735581038700e-02 2.964458342463088814e-03 4.002249240380368889e-01 4.800000000000000000e+01 3.900000000000000000e+01 3.000000000000000000e+01
2.092385664503518261e-01 1.779506097524913288e-02 6.141703310274700955e-01 2.500000000000000000e+01 2.000000000000000000e+01 1.600000000000000000e+01
1.100599470574203376e-01 3.923074767304362415e-02 6.176387452321936422e-01 4.300000000000000000e+01 3.000000000000000000e+01 2.400000000000000000e+01
-1.062202673735858638e-01 -3.931639703622476917e-02 5.379821001297752092e-01 1.000000000000000000e+01 8.000000000000000000e+00 1.100000000000000000e+01
-9.000506108462917598e-02 -5.974975576957163026e-02 5.410407377289921937e-01 1.350000000000000000e+02 1.160000000000000000e+02 1.090000000000000000e+02
-1.553726602335354645e-01 -6.418986177558720641e-02 5.261841346466792357e-01 1.600000000000000000e+02 1.730000000000000000e+02 1.920000000000000000e+02
8.908207901686721053e-02 -7.366935020288256641e-02 5.700678425897718338e-01 6.200000000000000000e+01 7.100000000000000000e+01 7.000000000000000000e+01
-1.693341954802680405e-01 -5.996045924214434691e-02 5.082817252447155987e-01 1.590000000000000000e+02 1.480000000000000000e+02 1.460000000000000000e+02
-2.140614236361234324e-01 -1.302264852518017768e-01 5.856648110679304464e-01 1.860000000000000000e+02 1.680000000000000000e+02 1.540000000000000000e+02
4.770786838618194803e-03 2.099447163614269127e-02 5.386228754317932133e-01 7.500000000000000000e+01 5.900000000000000000e+01 4.600000000000000000e+01
-1.198033251651523245e-01 -3.266365951045704344e-04 5.256489443319565247e-01 1.850000000000000000e+02 1.720000000000000000e+02 1.530000000000000000e+02
1.036265119155801995e-01 3.957931373170976708e-02 6.150362607064022713e-01 8.200000000000000000e+01 7.700000000000000000e+01 8.100000000000000000e+01
-9.308713109951199938e-02 -3.456997338982634865e-02 5.442114663831344457e-01 5.700000000000000000e+01 4.700000000000000000e+01 3.700000000000000000e+01
1.098008635849991865e-01 4.429794470117923155e-02 6.190877287522104089e-01 1.700000000000000000e+01 1.300000000000000000e+01 1.200000000000000000e+01
-8.713901067267812439e-02 -1.146045177830186217e-02 5.593787552241228367e-01 1.420000000000000000e+02 1.290000000000000000e+02 1.210000000000000000e+02
-1.073111815379959866e-01 -5.341588240396362430e-02 5.363820117460058601e-01 5.000000000000000000e+00 1.000000000000000000e+00 0.000000000000000000e+00
-1.449557515612741321e-01 -5.916087690585359465e-02 5.237615204407078950e-01 1.720000000000000000e+02 1.670000000000000000e+02 1.630000000000000000e+02
-1.702497112173411709e-01 9.753965882432009266e-03 5.031223191426816843e-01 1.690000000000000000e+02 1.560000000000000000e+02 1.480000000000000000e+02
-8.786444692327814721e-02 -5.869109883981307035e-02 5.386109956942993771e-01 1.750000000000000000e+02 1.550000000000000000e+02 1.440000000000000000e+02
-4.855572375534501078e-02 4.727467803403851213e-03 5.296145963707502569e-01 8.700000000000000000e+01 8.000000000000000000e+01 7.400000000000000000e+01
-1.786505041164205276e-01 -5.723247136229706739e-02 5.102281411705127390e-01 1.700000000000000000e+01 9.000000000000000000e+00 7.000000000000000000e+00
-1.786903500592580130e-01 -6.763160885256755406e-02 5.154170626520639953e-01 1.510000000000000000e+02 1.410000000000000000e+02 1.310000000000000000e+02
9.457502604374949662e-02 6.596371425464246652e-02 6.171934336805292576e-01 1.460000000000000000e+02 7.000000000000000000e+01 5.400000000000000000e+01
3.518451718866923150e-02 1.285001367773972447e-01 5.615599864756694037e-01 2.150000000000000000e+02 1.890000000000000000e+02 1.740000000000000000e+02
-1.394864756261451622e-01 -5.968791180619827802e-02 5.208659527599758254e-01 2.510000000000000000e+02 2.520000000000000000e+02 2.540000000000000000e+02
-4.615534498197543245e-02 1.358965690970656282e-01 5.252535354327378947e-01 1.890000000000000000e+02 1.660000000000000000e+02 1.580000000000000000e+02
-1.611255177842046138e-01 -6.642939285800511517e-02 5.761704015772731724e-01 8.000000000000000000e+01 8.000000000000000000e+01 9.000000000000000000e+01
-1.065857014939139702e-01 1.983313443853433611e-02 4.184851006769492177e-01 2.300000000000000000e+01 2.000000000000000000e+01 1.500000000000000000e+01
-8.385313794981955060e-02 -1.022911771859616459e-02 5.567125945480065896e-01 1.400000000000000000e+02 1.300000000000000000e+02 1.180000000000000000e+02
-1.159696205880108022e-01 -7.751864095428528945e-02 5.862903050227145085e-01 1.660000000000000000e+02 1.520000000000000000e+02 1.410000000000000000e+02
-1.587589838542819709e-01 -5.676932956463889846e-02 5.163594787720340307e-01 4.000000000000000000e+00 3.000000000000000000e+00 1.000000000000000000e+00
1.178508684117306193e-01 3.657827597141618918e-03 6.129374368849050958e-01 1.400000000000000000e+01 1.000000000000000000e+01 1.100000000000000000e+01
-2.749376814866684796e-02 6.962992170388213053e-02 5.468842103696687218e-01 2.700000000000000000e+01 1.100000000000000000e+01 1.100000000000000000e+01
-1.465507087775526629e-01 -5.475104116576854502e-02 5.216660202312526362e-01 1.600000000000000000e+01 8.000000000000000000e+00 6.000000000000000000e+00
3.271350600173260348e-02 7.226149138520433779e-02 5.787330325562808353e-01 1.660000000000000000e+02 7.500000000000000000e+01 5.700000000000000000e+01
2.237930746296744877e-01 4.289681403869512188e-02 6.945694558484212244e-01 1.590000000000000000e+02 7.700000000000000000e+01 6.300000000000000000e+01
-1.585424033041638314e-01 -6.174123220049535649e-02 5.156067778932615919e-01 1.890000000000000000e+02 1.960000000000000000e+02 2.060000000000000000e+02
5.051320210813747304e-03 2.123939631951956078e-02 5.383407259914638754e-01 2.400000000000000000e+01 1.900000000000000000e+01 1.500000000000000000e+01
2.524403877962806964e-01 1.373723193302044121e-01 6.818040668056328801e-01 1.460000000000000000e+02 1.240000000000000000e+02 1.260000000000000000e+02
-1.508364231353064577e-01 -9.012828058438830670e-02 5.483590424259734419e-01 1.770000000000000000e+02 1.590000000000000000e+02 1.450000000000000000e+02
-7.306142393452234873e-02 -3.854550234032255805e-03 6.715787719874256601e-01 1.280000000000000000e+02 1.150000000000000000e+02 1.060000000000000000e+02
-1.416389448524689176e-01 -6.019212300089159945e-02 5.205406665897822638e-01 1.210000000000000000e+02 1.180000000000000000e+02 1.350000000000000000e+02
-1.477894570290610721e-01 -6.010487926698288713e-02 5.167037143235757579e-01 2.210000000000000000e+02 2.250000000000000000e+02 2.360000000000000000e+02
-1.774414960814856834e-01 -4.039672016864358228e-02 5.571922896228240774e-01 1.670000000000000000e+02 1.540000000000000000e+02 1.460000000000000000e+02
-1.650517471341651221e-01 2.341423310402376834e-02 5.079610937239877888e-01 7.600000000000000000e+01 6.600000000000000000e+01 5.400000000000000000e+01
1.801218348682685766e-01 3.293473601632977005e-02 6.646004780786997079e-01 1.070000000000000000e+02 1.160000000000000000e+02 1.150000000000000000e+02
-1.445719117018031408e-01 -4.616449529346411396e-02 5.216573277532774444e-01 8.100000000000000000e+01 7.800000000000000000e+01 8.500000000000000000e+01
-1.403025977644653810e-01 -3.903893958620733434e-02 5.231522188270070206e-01 4.400000000000000000e+01 3.000000000000000000e+01 3.000000000000000000e+01
9.160418169941791922e-02 3.813524559825660215e-02 2.557092990056170634e-01 8.000000000000000000e+00 2.000000000000000000e+00 4.000000000000000000e+00
-1.513651848868268479e-01 -5.051399009109549393e-02 4.827489284851803064e-01 1.620000000000000000e+02 1.530000000000000000e+02 1.540000000000000000e+02
-1.102729693427886848e-01 -7.444375481638887404e-02 5.799585348945083263e-01 1.620000000000000000e+02 1.490000000000000000e+02 1.410000000000000000e+02
-1.055185767457896412e-01 -5.600662605769420738e-02 5.384554710049811455e-01 8.100000000000000000e+01 7.100000000000000000e+01 6.100000000000000000e+01
-2.290336720139533599e-01 -1.413177104540282725e-01 6.109689445587539458e-01 1.620000000000000000e+02 1.450000000000000000e+02 1.370000000000000000e+02
-8.893248296073022474e-02 -4.443501346620909800e-03 5.468691098967138897e-01 2.160000000000000000e+02 1.930000000000000000e+02 1.790000000000000000e+02
-1.726751076142703512e-01 -6.221044265885981861e-02 5.091536396773651552e-01 1.870000000000000000e+02 1.890000000000000000e+02 2.040000000000000000e+02
-1.936966336664540100e-01 5.776969366339255660e-03 4.940025713414837871e-01 1.890000000000000000e+02 1.710000000000000000e+02 1.590000000000000000e+02
-1.036651169160319463e-01 -2.803833509947267766e-02 5.403309765687969168e-01 6.700000000000000000e+01 5.000000000000000000e+01 4.200000000000000000e+01
-9.932540139636801546e-02 -3.113725760600690937e-02 5.425113123421300143e-01 5.200000000000000000e+01 3.800000000000000000e+01 3.500000000000000000e+01
-1.024304260160453922e-01 -3.750648150741887205e-02 5.403318001298227369e-01 6.100000000000000000e+01 4.600000000000000000e+01 4.100000000000000000e+01
-2.865900859436351297e-02 6.856404942282894044e-02 5.480437833635504186e-01 2.300000000000000000e+01 1.100000000000000000e+01 1.300000000000000000e+01
-6.564691673699270258e-02 4.937451209199331809e-02 5.159955649806976519e-01 2.200000000000000000e+01 2.000000000000000000e+01 2.100000000000000000e+01
1.066795962897724437e-01 -7.844228285438632764e-02 5.979219762358934931e-01 7.000000000000000000e+00 3.000000000000000000e+00 2.000000000000000000e+00
1.219597928227583727e-01 -2.243713838158771859e-02 6.079066668691458508e-01 1.600000000000000000e+01 1.200000000000000000e+01 1.100000000000000000e+01
-1.883894594496371144e-01 -6.632555987989334489e-02 5.092878564672045361e-01 1.910000000000000000e+02 1.690000000000000000e+02 1.560000000000000000e+02
-1.839600425022912822e-01 -6.392935794672534311e-02 5.038572042850572030e-01 1.460000000000000000e+02 1.340000000000000000e+02 1.120000000000000000e+02
-1.885824885473154910e-01 -6.530480872585492369e-02 5.101806926549545818e-01 2.290000000000000000e+02 2.290000000000000000e+02 2.390000000000000000e+02
-1.374780935699078943e-01 -6.103064228475450076e-02 5.216149773067852990e-01 1.380000000000000000e+02 1.200000000000000000e+02 9.800000000000000000e+01
-1.388380357976432555e-01 -6.139343453729988187e-02 5.176848201443459141e-01 1.810000000000000000e+02 1.610000000000000000e+02 1.500000000000000000e+02
1.148654320564920922e-01 4.396576991713625066e-02 6.226017303858791818e-01 2.800000000000000000e+01 2.300000000000000000e+01 1.700000000000000000e+01
-1.801315544574416949e-01 -4.194874249638364666e-02 5.052556633931327701e-01 3.100000000000000000e+01 2.300000000000000000e+01 2.000000000000000000e+01
-1.841183046798986478e-01 -5.675770308796140862e-02 4.828987190803581964e-01 1.700000000000000000e+02 1.600000000000000000e+02 1.610000000000000000e+02
-1.636194183972702887e-01 5.202680177684117918e-02 5.141458207605746900e-01 5.600000000000000000e+01 5.300000000000000000e+01 4.600000000000000000e+01
-1.006589345670534513e-01 -5.383035604844495225e-02 5.327818985343223401e-01 1.470000000000000000e+02 1.370000000000000000e+02 1.350000000000000000e+02
-7.937477776488059689e-02 8.738190669930551158e-02 5.367842980692759669e-01 1.770000000000000000e+02 1.260000000000000000e+02 9.900000000000000000e+01
-1.475740541753015889e-01 -6.315032744237125684e-02 5.183256108358578196e-01 1.590000000000000000e+02 1.370000000000000000e+02 1.260000000000000000e+02
-1.199873906303668969e-01 -2.079271812343062506e-02 5.332888327466061007e-01 1.670000000000000000e+02 1.500000000000000000e+02 1.340000000000000000e+02
1.742672276039114732e-01 1.365147373015406507e-01 6.284134446654124906e-01 4.000000000000000000e+01 7.000000000000000000e+01 1.000000000000000000e+01
-1.503143477366075398e-01 -6.106237793673054831e-02 5.176600543303538915e-01 2.410000000000000000e+02 2.420000000000000000e+02 2.460000000000000000e+02
1.205701822175893334e-01 -3.733879980504807572e-02 6.015016646377613352e-01 5.100000000000000000e+01 3.400000000000000000e+01 2.700000000000000000e+01
8.029260920571926197e-02 -7.903761395889909169e-02 5.726581835255831754e-01 1.230000000000000000e+02 1.710000000000000000e+02 2.370000000000000000e+02
2.673457248868369440e-01 1.343579436332127119e-01 6.926899649686955041e-01 1.900000000000000000e+02 1.750000000000000000e+02 1.680000000000000000e+02
-2.018512402013062090e-01 -1.263911335361470600e-01 5.779382261769214768e-01 1.550000000000000000e+02 1.500000000000000000e+02 1.800000000000000000e+02
-8.466977857593314949e-02 -2.951185639175203483e-03 5.434459742709083496e-01 2.200000000000000000e+02 1.980000000000000000e+02 1.770000000000000000e+02
-8.982265991479569667e-02 1.714139488473517825e-02 5.190821086136458984e-01 1.300000000000000000e+01 5.000000000000000000e+00 3.000000000000000000e+00
1.172184579259355139e-02 8.174356195206787176e-03 5.192161350537162212e-01 1.800000000000000000e+01 1.400000000000000000e+01 1.300000000000000000e+01
9.252187369430750485e-02 -7.391050403838896055e-02 5.676234384281101386e-01 1.250000000000000000e+02 1.150000000000000000e+02 1.160000000000000000e+02
-1.723426917835138572e-01 -6.266635786021249044e-02 5.180948533625192587e-01 1.770000000000000000e+02 1.690000000000000000e+02 1.660000000000000000e+02
-1.774148513858144205e-01 -6.308406306968163124e-02 5.090553626809189991e-01 2.060000000000000000e+02 2.030000000000000000e+02 2.100000000000000000e+02
-1.927576837198699544e-01 7.943491791156364820e-03 4.933512525898803291e-01 1.990000000000000000e+02 1.850000000000000000e+02 1.850000000000000000e+02
-8.059267117078930398e-02 -5.164344248936929282e-02 5.465260287338528089e-01 6.900000000000000000e+01 6.500000000000000000e+01 6.600000000000000000e+01
-4.110397514942579211e-02 2.148763516628204168e-02 4.687474909717939120e-01 1.790000000000000000e+02 1.630000000000000000e+02 1.500000000000000000e+02
-4.427170607374632597e-03 6.851793365705573235e-02 5.529194674572888157e-01 2.390000000000000000e+02 2.310000000000000000e+02 2.280000000000000000e+02
-1.363613103348386701e-01 2.042338037935045175e-02 5.260354370328476081e-01 4.000000000000000000e+01 3.300000000000000000e+01 2.500000000000000000e+01
-1.817720154569881508e-01 -6.346883144960606404e-02 5.080905669039709194e-01 1.570000000000000000e+02 1.720000000000000000e+02 1.930000000000000000e+02
-3.654468723563066707e-02 6.705978287081397482e-02 5.455653348215305787e-01 3.000000000000000000e+01 1.400000000000000000e+01 1.400000000000000000e+01
-1.659349257074863027e-01 -5.891629816498250571e-02 5.093998095115576108e-01 1.730000000000000000e+02 1.630000000000000000e+02 1.640000000000000000e+02
-1.891562606536000557e-01 -3.913724972962202148e-02 5.004062944952488712e-01 2.800000000000000000e+01 2.500000000000000000e+01 3.400000000000000000e+01
-1.228142417572275075e-01 -5.653050577515696812e-02 5.286881152036553289e-01 1.280000000000000000e+02 1.170000000000000000e+02 1.110000000000000000e+02
-1.886356928621104045e-01 -2.942026826703402972e-02 4.993929162271575350e-01 2.450000000000000000e+02 2.400000000000000000e+02 2.360000000000000000e+02
-1.220348065575915381e-01 1.493994507653842625e-02 5.251466962119498705e-01 2.200000000000000000e+01 1.300000000000000000e+01 6.000000000000000000e+00
-1.532723766579190960e-01 -6.325325404011074293e-02 5.222720209738379582e-01 1.740000000000000000e+02 1.620000000000000000e+02 1.480000000000000000e+02
-8.280559152818704749e-02 -6.072142441796231360e-02 5.499559140846229655e-01 2.160000000000000000e+02 1.940000000000000000e+02 1.810000000000000000e+02
-1.842166375236247711e-01 6.202951189712984856e-03 4.972123658425706694e-01 1.860000000000000000e+02 1.680000000000000000e+02 1.540000000000000000e+02
-1.107717048757662082e-01 -4.361159170934075791e-02 5.363227494675369966e-01 7.500000000000000000e+01 7.400000000000000000e+01 8.200000000000000000e+01
-1.259217564701254344e-01 -2.149651150620586135e-02 5.308222525546301140e-01 1.850000000000000000e+02 1.720000000000000000e+02 1.560000000000000000e+02
-6.636952176651954305e-02 4.372662444259151765e-02 5.164942115245679810e-01 2.400000000000000000e+01 2.200000000000000000e+01 2.300000000000000000e+01
-1.830921533951858360e-01 6.259104108338548779e-03 4.974338508725734687e-01 1.860000000000000000e+02 1.680000000000000000e+02 1.540000000000000000e+02
-1.775438432579972414e-01 -5.687754563076668352e-02 5.109728209996236004e-01 1.600000000000000000e+01 8.000000000000000000e+00 5.000000000000000000e+00
-1.622785480918100542e-01 -3.969985255393179702e-02 5.142712179402796346e-01 4.800000000000000000e+01 3.400000000000000000e+01 3.100000000000000000e+01
-9.382024064654675977e-02 -5.018884660349402782e-02 5.402308557055180982e-01 1.500000000000000000e+01 1.000000000000000000e+01 7.000000000000000000e+00
8.300989361834082425e-02 -7.920844502609469817e-02 5.707054799861090988e-01 1.210000000000000000e+02 1.720000000000000000e+02 2.370000000000000000e+02
-9.589064082146930845e-02 -3.742386941227750230e-02 5.435733984387248752e-01 6.300000000000000000e+01 4.600000000000000000e+01 3.900000000000000000e+01
-1.749630768751096743e-01 -6.424217305264580402e-02 5.216752858927614644e-01 1.710000000000000000e+02 1.630000000000000000e+02 1.600000000000000000e+02
2.534412162356599729e-03 4.350657870252497283e-02 5.464868149572631451e-01 5.700000000000000000e+01 4.400000000000000000e+01 3.600000000000000000e+01
1.329306462692437796e-01 -2.555229739290563670e-02 6.150594443713953696e-01 3.200000000000000000e+01 2.200000000000000000e+01 2.000000000000000000e+01
-4.676029076580887067e-02 -6.031915169460295295e-02 5.473589500758792026e-01 4.800000000000000000e+01 3.400000000000000000e+01 2.500000000000000000e+01
-1.031221278882594045e-01 5.129616536211581250e-03 5.307749022692853647e-01 1.600000000000000000e+01 2.400000000000000000e+01 3.500000000000000000e+01
-1.484855432612225690e-01 -6.511980913531080495e-02 5.802985661696035136e-01 8.400000000000000000e+01 8.200000000000000000e+01 9.300000000000000000e+01
-1.560137615005263712e-01 -6.385513584497812256e-02 5.243170776462814375e-01 1.890000000000000000e+02 2.010000000000000000e+02 2.150000000000000000e+02
-1.377460199644727767e-01 -4.576584045462867706e-02 5.243565425933668367e-01 8.000000000000000000e+00 6.000000000000000000e+00 7.000000000000000000e+00
9.984003601449115139e-02 7.160460029633033963e-02 6.231047213820590791e-01 1.450000000000000000e+02 6.800000000000000000e+01 5.800000000000000000e+01
-1.171194094818175241e-01 -6.219406834057541328e-02 5.302988588201543729e-01 1.700000000000000000e+02 1.510000000000000000e+02 1.360000000000000000e+02
-4.422250009116487218e-02 -1.636818310316328251e-04 5.192615179717000595e-01 2.140000000000000000e+02 1.960000000000000000e+02 1.840000000000000000e+02
-3.751314520689829485e-02 6.740090567574645586e-02 5.451440183680301699e-01 3.400000000000000000e+01 1.600000000000000000e+01 1.600000000000000000e+01
1.057088381372278257e-01 -1.076207065873456548e-02 5.997551966402782098e-01 2.500000000000000000e+01 1.700000000000000000e+01 1.500000000000000000e+01
-1.231079944234293316e-01 -4.509754862902085742e-02 5.301350361043928316e-01 7.900000000000000000e+01 7.600000000000000000e+01 8.700000000000000000e+01
1.328202268797060437e-01 -2.559921098953104115e-02 6.151200907616676261e-01 3.900000000000000000e+01 2.300000000000000000e+01 2.400000000000000000e+01
-2.054200402948163640e-01 -1.179592374863404486e-01 5.721045552961727676e-01 7.300000000000000000e+01 7.000000000000000000e+01 7.700000000000000000e+01
-9.396686272696629094e-02 -4.863549662041127125e-02 5.415900802732528385e-01 1.400000000000000000e+01 8.000000000000000000e+00 8.000000000000000000e+00
-1.612949120182103346e-01 -3.378899383821899749e-02 5.144932864927203031e-01 5.000000000000000000e+01 3.700000000000000000e+01 3.100000000000000000e+01
-1.008570110572990924e-01 -5.279392836842664027e-02 5.381003639926645876e-01 4.100000000000000000e+01 4.000000000000000000e+01 3.500000000000000000e+01
-2.074199044643056655e-01 -1.095678682774073182e-01 5.528325898244579317e-01 9.400000000000000000e+01 9.100000000000000000e+01 1.120000000000000000e+02
8.225767186864524350e-02 1.616507960574985886e-02 5.922844640628434076e-01 1.000000000000000000e+01 8.000000000000000000e+00 9.000000000000000000e+00
-8.210059722857004916e-02 -5.089491225308064026e-02 5.489651396191157495e-01 1.200000000000000000e+01 7.000000000000000000e+00 4.000000000000000000e+00
1.649588775171198229e-01 1.113435387997445663e-03 6.444525510537589819e-01 1.000000000000000000e+01 9.000000000000000000e+00 7.000000000000000000e+00
-4.831093059000209078e-02 -4.542149445623759781e-03 5.246539188364259809e-01 2.250000000000000000e+02 2.000000000000000000e+02 1.800000000000000000e+02
-1.689662320301633658e-01 -5.409738311279944228e-02 5.137969239989000902e-01 1.500000000000000000e+01 7.000000000000000000e+00 5.000000000000000000e+00
-1.196486940173305397e-01 -5.823610018769529578e-02 5.268082648869899520e-01 1.740000000000000000e+02 1.760000000000000000e+02 1.910000000000000000e+02
-1.747032489909207953e-01 -6.365922603039049499e-02 5.128982270551351030e-01 1.820000000000000000e+02 1.850000000000000000e+02 2.020000000000000000e+02
1.759734568260015730e-01 1.344447944253880645e-01 6.310813316433637743e-01 3.400000000000000000e+01 5.800000000000000000e+01 6.000000000000000000e+00
2.640529639801198532e-03 -9.080638869726797777e-03 5.193783889100421769e-01 6.000000000000000000e+01 4.900000000000000000e+01 4.700000000000000000e+01
-2.248841146550064896e-01 -1.345907673146182759e-01 5.911863474478913361e-01 1.300000000000000000e+02 1.160000000000000000e+02 1.050000000000000000e+02
-1.647255062147109372e-01 -2.039425598028134570e-02 5.117274087291893148e-01 1.870000000000000000e+02 1.640000000000000000e+02 1.500000000000000000e+02
-4.699134747581876909e-02 -4.243817904370857270e-03 4.233345946327347065e-01 1.130000000000000000e+02 9.700000000000000000e+01 8.200000000000000000e+01
-1.875647991617591104e-01 -7.437909129504947925e-02 5.777499987275825921e-01 8.000000000000000000e+01 7.400000000000000000e+01 8.400000000000000000e+01
4.086315813878565323e-02 -1.667784542245910259e-02 4.862814781186135527e-01 2.000000000000000000e+02 1.810000000000000000e+02 1.660000000000000000e+02
-9.787750602280659296e-02 2.734936544699125352e-02 5.283424648388541645e-01 7.800000000000000000e+01 7.000000000000000000e+01 6.800000000000000000e+01
2.103723822920498532e-01 9.254966378895516932e-02 6.994152200137783160e-01 6.300000000000000000e+01 9.300000000000000000e+01 3.900000000000000000e+01
-1.704641072129022272e-01 -3.995470163301457350e-02 5.101678034418649643e-01 4.800000000000000000e+01 3.700000000000000000e+01 3.300000000000000000e+01
1.188640017679761379e-01 5.484884264469061001e-03 6.139231668445623846e-01 1.100000000000000000e+01 1.100000000000000000e+01 9.000000000000000000e+00
-1.856529847551642576e-01 -6.290006677545038893e-02 5.043670483173396946e-01 2.110000000000000000e+02 2.100000000000000000e+02 2.150000000000000000e+02
8.816953233015216440e-02 -3.481165214226656507e-02 5.792845005125289992e-01 2.100000000000000000e+01 1.100000000000000000e+01 1.200000000000000000e+01
-1.510510220968570572e-01 -6.200526722738713969e-02 5.211753948840331940e-01 1.680000000000000000e+02 1.760000000000000000e+02 1.870000000000000000e+02
-7.867325135890365639e-02 -5.073793608860244220e-02 5.444865553019940796e-01 3.900000000000000000e+01 3.500000000000000000e+01 3.600000000000000000e+01
-1.709853231681779107e-01 -5.253176157909567739e-02 5.112001719225176544e-01 1.400000000000000000e+01 9.000000000000000000e+00 6.000000000000000000e+00
-7.924955637228291161e-02 8.565011404090712432e-02 5.362978491492546018e-01 1.770000000000000000e+02 1.160000000000000000e+02 9.700000000000000000e+01
-1.425181667855394130e-01 -6.075183931741613697e-02 5.169683008239152056e-01 1.930000000000000000e+02 1.720000000000000000e+02 1.530000000000000000e+02
-1.914725721789459906e-02 2.013539587861201338e-02 5.179619837709770191e-01 2.500000000000000000e+01 1.600000000000000000e+01 9.000000000000000000e+00
-1.934924485332671362e-01 -7.904402589569745063e-02 5.788139488548955658e-01 5.500000000000000000e+01 5.100000000000000000e+01 5.000000000000000000e+01
1.002967389313734053e-01 4.246216194915883486e-03 6.000722676300497271e-01 7.000000000000000000e+00 3.000000000000000000e+00 2.000000000000000000e+00
-6.246357584293723425e-02 -3.072303835876804699e-04 6.653093742049368542e-01 1.310000000000000000e+02 1.160000000000000000e+02 1.110000000000000000e+02
-1.540219468058737495e-01 -9.859236307434919577e-02 5.511352797073360010e-01 1.880000000000000000e+02 1.700000000000000000e+02 1.600000000000000000e+02
-1.754342320434010005e-01 -5.716474609292444137e-02 5.073859298616176794e-01 3.700000000000000000e+01 3.300000000000000000e+01 3.200000000000000000e+01
-1.104606234940591347e-01 -6.218881343010448925e-02 5.322947592717549581e-01 1.510000000000000000e+02 1.310000000000000000e+02 1.240000000000000000e+02
-1.535172351944470159e-01 -5.238828499607493111e-02 5.176234142856277476e-01 7.000000000000000000e+01 6.100000000000000000e+01 5.400000000000000000e+01
1.789811881105424773e-01 6.073882588404809491e-02 6.698972126425902784e-01 1.740000000000000000e+02 8.200000000000000000e+01 6.100000000000000000e+01
-9.985807669862992175e-02 -3.112846265726719117e-02 5.428472445269327817e-01 2.500000000000000000e+01 1.500000000000000000e+01 1.300000000000000000e+01
-1.498394648611842406e-01 -5.081406747382980621e-02 5.201865938555939595e-01 7.000000000000000000e+01 6.200000000000000000e+01 6.000000000000000000e+01
-2.012152473060929980e-01 -1.164303312851355660e-01 6.578420509574850472e-01 8.100000000000000000e+01 8.000000000000000000e+01 8.600000000000000000e+01
-9.236431477430794013e-02 -3.949169378125508278e-02 5.449618749662280548e-01 1.300000000000000000e+01 8.000000000000000000e+00 1.200000000000000000e+01
-1.463202878061404255e-01 -5.985246609923405153e-02 5.158614431298619296e-01 1.930000000000000000e+02 1.970000000000000000e+02 2.080000000000000000e+02
-1.716830658781773045e-01 -5.359231883995901891e-02 5.035942168960317877e-01 1.900000000000000000e+01 1.100000000000000000e+01 9.000000000000000000e+00
-1.101163470739907058e-01 -4.627988816665567356e-02 5.360412031113562792e-01 7.400000000000000000e+01 6.900000000000000000e+01 7.500000000000000000e+01
-9.084577867314146127e-02 -5.183584692000942074e-02 5.407802560063988961e-01 4.800000000000000000e+01 4.300000000000000000e+01 4.000000000000000000e+01
-1.450590516861794688e-01 -5.474262198389547029e-02 5.222227747772917317e-01 1.500000000000000000e+01 7.000000000000000000e+00 5.000000000000000000e+00
-1.572293811359649907e-01 -5.533136864261210819e-02 5.173869514051300245e-01 1.600000000000000000e+01 1.100000000000000000e+01 7.000000000000000000e+00
-1.869093915942599271e-01 -7.248475051440118888e-02 5.769944843802284895e-01 8.100000000000000000e+01 7.800000000000000000e+01 8.900000000000000000e+01
-9.463039726998143109e-02 -5.056756385885374794e-02 5.421858806811548082e-01 1.400000000000000000e+01 9.000000000000000000e+00 6.000000000000000000e+00
-9.477594740952841046e-02 -5.733224520317415501e-02 5.399733292054095246e-01 1.810000000000000000e+02 1.790000000000000000e+02 1.900000000000000000e+02
-9.412946314691222893e-02 -5.033004815268262572e-02 5.416376869044035036e-01 1.500000000000000000e+01 1.000000000000000000e+01 7.000000000000000000e+00
2.107134731597266886e-01 6.200179090215078570e-02 6.944865279260408197e-01 1.670000000000000000e+02 7.800000000000000000e+01 6.000000000000000000e+01
-1.562164110793213545e-01 -5.494822262354479708e-02 5.194304538467953147e-01 1.600000000000000000e+01 8.000000000000000000e+00 6.000000000000000000e+00
1.384078704684201244e-01 -1.577100327543611361e-02 6.218346214098544600e-01 4.300000000000000000e+01 3.400000000000000000e+01 2.700000000000000000e+01
-1.668524986687606737e-01 -5.582789827542009031e-02 5.159200034336801632e-01 1.600000000000000000e+01 8.000000000000000000e+00 5.000000000000000000e+00
4.016756752254705548e-02 7.485677048087285845e-02 5.846929650407566292e-01 1.450000000000000000e+02 8.800000000000000000e+01 7.100000000000000000e+01
-2.098620271136461823e-01 -1.311039456048679330e-01 5.874830000065776048e-01 1.770000000000000000e+02 1.600000000000000000e+02 1.440000000000000000e+02
-9.465609850612716203e-02 -5.480889735629476678e-02 5.397128776761371816e-01 1.080000000000000000e+02 9.900000000000000000e+01 9.400000000000000000e+01
8.580232198443139835e-02 1.153882474218095693e-02 2.908120669054378160e-01 6.500000000000000000e+01 6.100000000000000000e+01 7.500000000000000000e+01
-6.229428833354044154e-02 -2.266782721564213759e-02 5.685722576292641106e-01 1.280000000000000000e+02 1.140000000000000000e+02 1.050000000000000000e+02
-9.860786594545478678e-02 -5.168776446603370878e-02 5.355424256897601820e-01 2.900000000000000000e+01 2.800000000000000000e+01 2.400000000000000000e+01
-1.708262844043435535e-01 -4.016212937910017267e-02 5.105860888204036829e-01 5.000000000000000000e+01 3.600000000000000000e+01 3.300000000000000000e+01
3.456764627807133727e-02 -8.857897354524947586e-02 5.550934210094975452e-01 1.130000000000000000e+02 1.660000000000000000e+02 2.340000000000000000e+02
-1.340665812506140475e-01 1.185274678953237258e-02 5.910976937106764417e-01 1.200000000000000000e+01 7.000000000000000000e+00 4.000000000000000000e+00
-1.127752818403334051e-01 5.022016798029678604e-03 5.269900477003300887e-01 9.200000000000000000e+01 8.300000000000000000e+01 7.600000000000000000e+01
-5.287268627035909135e-02 6.107065391328526938e-02 5.486022496797067216e-01 7.300000000000000000e+01 7.000000000000000000e+01 8.100000000000000000e+01
-1.340023353392078842e-01 1.213933185764327904e-02 5.907879908380386791e-01 1.500000000000000000e+01 7.000000000000000000e+00 5.000000000000000000e+00
-1.347425206234249551e-01 1.075336590502257335e-02 5.923321312063756228e-01 1.100000000000000000e+01 6.000000000000000000e+00 3.000000000000000000e+00
-9.227461183805553413e-03 -1.605765441052104878e-02 5.298875722421068080e-01 2.110000000000000000e+02 1.930000000000000000e+02 1.790000000000000000e+02
-1.343245538270787520e-01 1.153329295152197460e-02 5.914634148839823524e-01 1.200000000000000000e+01 7.000000000000000000e+00 4.000000000000000000e+00
1.953757680441558231e-01 7.466901510493597661e-03 6.673362452447411108e-01 7.100000000000000000e+01 5.200000000000000000e+01 4.500000000000000000e+01
-1.006596586428291085e-01 -5.735447551401851723e-02 5.204025428248370000e-01 1.790000000000000000e+02 1.610000000000000000e+02 1.490000000000000000e+02
-1.769042560914423357e-01 -5.571670015558439354e-02 5.098310770850117413e-01 1.500000000000000000e+01 7.000000000000000000e+00 5.000000000000000000e+00
-8.224593563296685172e-02 -5.017857495127772682e-02 5.489104826806462389e-01 1.100000000000000000e+01 6.000000000000000000e+00 3.000000000000000000e+00
-1.590774391977650692e-01 -4.987846628190855530e-02 5.163263666628209458e-01 7.300000000000000000e+01 6.900000000000000000e+01 6.800000000000000000e+01
-1.171290616930699274e-01 -5.689475042003389049e-02 5.236436326502896810e-01 1.270000000000000000e+02 1.330000000000000000e+02 1.490000000000000000e+02
-6.728346420277192541e-02 1.818010791833420473e-02 5.248219798800259905e-01 2.400000000000000000e+01 1.500000000000000000e+01 1.000000000000000000e+01
-1.255470613145119874e-01 -6.048229863646568255e-02 5.208870201789101984e-01 1.560000000000000000e+02 1.430000000000000000e+02 1.350000000000000000e+02
-1.254147312285000260e-01 1.256879467834783569e-02 5.205067263257723287e-01 7.800000000000000000e+01 6.500000000000000000e+01 4.900000000000000000e+01
-1.224131724081448380e-01 -6.438021836031859735e-02 5.257384431013902848e-01 1.350000000000000000e+02 1.180000000000000000e+02 1.100000000000000000e+02
-2.422619186874748129e-02 -5.031857338660677970e-02 7.568467386155123267e-01 2.500000000000000000e+01 2.300000000000000000e+01 2.400000000000000000e+01
-1.051874880510346444e-01 -5.369098096447764285e-02 5.384543468194997740e-01 2.000000000000000000e+00 0.000000000000000000e+00 1.000000000000000000e+00
-1.341268728588866921e-01 5.524703525225457476e-03 3.719172558483383462e-01 1.900000000000000000e+02 1.770000000000000000e+02 1.710000000000000000e+02
1.015781699477735361e-01 1.462052052512401515e-02 6.039202337406239796e-01 2.000000000000000000e+01 1.500000000000000000e+01 1.200000000000000000e+01
2.552057601396178765e-01 1.722480879122839648e-01 7.044739452054094020e-01 1.450000000000000000e+02 1.390000000000000000e+02 1.510000000000000000e+02
2.441903167395755581e-01 1.752586762375364648e-01 6.871546030187192233e-01 2.400000000000000000e+02 1.990000000000000000e+02 1.190000000000000000e+02
-3.252507698239781586e-02 -2.678103491227394085e-03 5.140347848247471818e-01 2.150000000000000000e+02 1.970000000000000000e+02 1.770000000000000000e+02
1.426608000793426756e-01 8.625717940818024287e-02 4.909789069997623767e-01 3.100000000000000000e+01 2.200000000000000000e+01 2.300000000000000000e+01
-4.669940092530149717e-02 -2.124647338937218043e-03 5.221206554588766480e-01 1.870000000000000000e+02 1.680000000000000000e+02 1.530000000000000000e+02
-8.059193001822249902e-02 9.195862713542157785e-02 5.382444846078087153e-01 2.200000000000000000e+02 1.530000000000000000e+02 1.270000000000000000e+02
5.413038307399477278e-02 1.558527362799030369e-01 5.634492122178814677e-01 2.020000000000000000e+02 1.930000000000000000e+02 1.840000000000000000e+02
-4.635786122994445257e-02 6.011749215057541479e-02 5.442626006162138985e-01 6.000000000000000000e+00 4.000000000000000000e+00 5.000000000000000000e+00
1.263075377898436324e-01 -3.027696594572044930e-02 6.088241975709177689e-01 1.800000000000000000e+01 1.000000000000000000e+01 8.000000000000000000e+00
-1.221333498937343665e-01 -8.092767973300839246e-02 5.931844164408077713e-01 1.520000000000000000e+02 1.400000000000000000e+02 1.280000000000000000e+02
-4.378540610684224232e-02 -3.000304133605706004e-03 5.229655354638877984e-01 1.890000000000000000e+02 1.670000000000000000e+02 1.540000000000000000e+02
-7.724494869476788983e-02 -5.032275774986220279e-02 5.501744988205787834e-01 1.100000000000000000e+01 7.000000000000000000e+00 6.000000000000000000e+00
-1.072541348954994533e-01 -5.842206597448176136e-02 5.363555650544612474e-01 1.750000000000000000e+02 1.700000000000000000e+02 1.770000000000000000e+02
-1.024346135535603719e-01 -2.460914523135630111e-02 5.419147682940613775e-01 1.860000000000000000e+02 1.670000000000000000e+02 1.520000000000000000e+02
-1.907770193175935269e-01 -2.618552475234516702e-02 4.980370699902059717e-01 2.380000000000000000e+02 2.280000000000000000e+02 2.270000000000000000e+02
-1.470209552403183573e-01 -6.748724300595509984e-02 5.294801087606313406e-01 2.090000000000000000e+02 1.910000000000000000e+02 1.790000000000000000e+02
-8.709126022768791386e-02 -5.741312160483687949e-02 5.332913943855301930e-01 1.900000000000000000e+02 1.770000000000000000e+02 1.680000000000000000e+02
-8.013147411480786575e-02 -4.995481817691542481e-02 5.468817237632405126e-01 1.600000000000000000e+01 8.000000000000000000e+00 6.000000000000000000e+00
-1.663626616646997625e-01 1.342112722039017804e-02 5.068923807948648719e-01 8.800000000000000000e+01 7.700000000000000000e+01 7.100000000000000000e+01
-8.566845661555683167e-02 1.206324608705842440e-02 5.191399881511775671e-01 1.040000000000000000e+02 9.000000000000000000e+01 8.100000000000000000e+01
5.407947650036377951e-02 5.187923064958162300e-02 5.115612111415277496e-01 3.300000000000000000e+01 2.500000000000000000e+01 2.200000000000000000e+01
-9.565307036776904415e-02 -5.122649278673559875e-02 5.423567085478726568e-01 1.400000000000000000e+01 9.000000000000000000e+00 6.000000000000000000e+00
-3.405307268589026493e-02 -9.168598075534906480e-03 4.734896796900415206e-01 9.100000000000000000e+01 9.300000000000000000e+01 1.080000000000000000e+02
-2.074987545060525407e-01 -1.114343009408758495e-01 6.277004698438483077e-01 1.770000000000000000e+02 1.630000000000000000e+02 1.500000000000000000e+02
-1.259412376112335752e-01 -6.452137688703278584e-02 5.239857031773867968e-01 1.720000000000000000e+02 1.540000000000000000e+02 1.440000000000000000e+02
-1.045541770229884149e-01 1.668489021889556917e-02 5.201009399976719294e-01 2.100000000000000000e+01 1.200000000000000000e+01 7.000000000000000000e+00
-8.402875098510359519e-02 -5.021576380126580724e-02 5.478039599570651008e-01 1.400000000000000000e+01 9.000000000000000000e+00 6.000000000000000000e+00
1.384021146202586965e-03 -8.581379170136316584e-03 5.201194360576077980e-01 1.300000000000000000e+02 1.180000000000000000e+02 1.200000000000000000e+02
-1.046812544180118487e-01 -5.712145921296869766e-02 5.333093333268726921e-01 1.730000000000000000e+02 1.720000000000000000e+02 1.860000000000000000e+02
-9.602308086119852593e-02 -4.896635381540954263e-02 5.328890287053945629e-01 1.200000000000000000e+01 7.000000000000000000e+00 4.000000000000000000e+00
-9.227058349439792861e-02 -4.941096455750738914e-02 5.395765855314796910e-01 1.800000000000000000e+01 1.000000000000000000e+01 8.000000000000000000e+00
-7.814827849811363525e-02 5.518327734896787823e-02 5.098785825029500396e-01 3.000000000000000000e+00 1.000000000000000000e+00 2.000000000000000000e+00
2.385588990072211660e-02 1.151405097343407777e-02 4.954396709901520146e-01 6.200000000000000000e+01 4.500000000000000000e+01 3.700000000000000000e+01
-7.141064055099070884e-02 -1.760109710363650650e-03 4.393110176616189522e-01 7.000000000000000000e+01 7.700000000000000000e+01 8.500000000000000000e+01
-1.033230814570006567e-01 -3.046702025336923622e-02 5.404288753710546622e-01 3.300000000000000000e+01 2.500000000000000000e+01 2.300000000000000000e+01
-5.267769530924230892e-02 -1.025405659408753362e-02 4.933260167902142612e-01 9.000000000000000000e+01 8.900000000000000000e+01 1.070000000000000000e+02
-1.673662354275977648e-01 -6.915243851259311736e-02 5.168992526785120001e-01 1.260000000000000000e+02 1.140000000000000000e+02 1.000000000000000000e+02
-1.441642260563677225e-01 7.749608115005184039e-03 5.124907873047586104e-01 1.120000000000000000e+02 9.200000000000000000e+01 8.300000000000000000e+01
-1.618351184667420617e-01 6.201498110770182690e-03 5.055080460079857119e-01 1.380000000000000000e+02 1.240000000000000000e+02 1.150000000000000000e+02
-5.480208488479291346e-02 -1.046027343499920936e-02 4.955128261775260667e-01 8.900000000000000000e+01 8.600000000000000000e+01 1.070000000000000000e+02
-3.167385297387805693e-02 1.372352965706483130e-01 5.276012899261519618e-01 2.550000000000000000e+02 2.500000000000000000e+02 2.210000000000000000e+02
-1.141660883097192908e-01 -5.189658983185447411e-02 5.346869043530544374e-01 1.600000000000000000e+01 1.100000000000000000e+01 8.000000000000000000e+00
-5.745070190589533082e-02 2.407862990783194920e-02 5.065359359300271036e-01 2.200000000000000000e+01 1.400000000000000000e+01 1.100000000000000000e+01
-7.393368185552331995e-02 3.516000202048561590e-02 5.106821277506916612e-01 8.400000000000000000e+01 7.400000000000000000e+01 7.300000000000000000e+01
-1.146743121198793569e-01 -6.103717247604043689e-02 5.255060800209000460e-01 1.880000000000000000e+02 1.710000000000000000e+02 1.550000000000000000e+02
-8.623942765319191073e-02 -5.527356494793982111e-02 5.531543442185183901e-01 7.100000000000000000e+01 6.900000000000000000e+01 8.200000000000000000e+01
-1.853400061841109503e-01 -2.498269835355622012e-02 5.000759695668303140e-01 2.230000000000000000e+02 2.150000000000000000e+02 2.120000000000000000e+02
1.313575536673509611e-02 6.622930572160772023e-02 4.056847922212844515e-01 2.270000000000000000e+02 2.260000000000000000e+02 2.080000000000000000e+02
2.426739935750626964e-01 1.711061274170710966e-01 7.071711088524508249e-01 1.800000000000000000e+02 1.490000000000000000e+02 1.440000000000000000e+02
-1.062505028077375957e-01 -1.495898806182727366e-02 3.052087649132092517e-01 1.490000000000000000e+02 1.370000000000000000e+02 1.210000000000000000e+02
-9.700082602732211512e-02 -5.738646255323039125e-02 5.385360899511867361e-01 1.470000000000000000e+02 1.310000000000000000e+02 1.410000000000000000e+02
