0.01061 0.0159 0.55523 250.0 250.0 250.0
0.04663 -0.00495 0.56292 239.0 241.0 240.0
0.04692 -0.00498 0.56284 240.0 240.0 242.0
0.10257 0.03103 0.58898 236.0 236.0 238.0
-0.07534 -0.00476 0.50299 205.0 205.0 205.0
0.09715 0.03066 0.58717 239.0 239.0 241.0
-0.10548 0.04485 0.51136 242.0 241.0 239.0
-0.11007 0.04614 0.51066 255.0 254.0 250.0
-0.07534 -0.00483 0.50306 204.0 204.0 204.0
-0.03568 0.0246 0.53951 242.0 242.0 242.0
0.08848 0.04621 0.58844 56.0 62.0 62.0
-0.08503 -0.00311 0.49679 242.0 241.0 237.0
-0.08498 -0.00301 0.49703 241.0 240.0 236.0
0.11263 0.03145 0.59199 242.0 240.0 241.0
-0.04596 0.04489 0.54146 47.0 42.0 39.0
-0.01943 0.02325 0.56665 57.0 58.0 42.0
-0.09047 -0.00903 0.48957 208.0 208.0 206.0
-0.00409 0.02811 0.5528 62.0 60.0 45.0
0.10713 0.03631 0.59126 60.0 57.0 50.0
-0.10585 0.04422 0.51106 242.0 241.0 239.0
0.08825 0.04201 0.58728 42.0 44.0 41.0
0.09139 0.03539 0.58621 93.0 98.0 91.0
-0.08967 -0.01414 0.48689 203.0 203.0 203.0
-0.0446 -0.00961 0.52438 253.0 253.0 253.0
-0.08487 0.02861 0.51378 200.0 199.0 197.0
-0.01645 0.02551 0.54731 238.0 238.0 238.0
-0.03262 -0.04505 0.52423 251.0 251.0 251.0
-0.04738 0.04672 0.54164 254.0 254.0 254.0
-0.04442 -0.02139 0.52023 140.0 150.0 151.0
-0.08479 0.02843 0.51395 203.0 203.0 203.0
-0.02056 0.02497 0.54518 234.0 234.0 234.0
-0.13222 -0.00405 0.47377 97.0 113.0 129.0
-0.01322 0.0301 0.55148 65.0 76.0 68.0
-0.13741 0.00296 0.47882 63.0 58.0 38.0
-0.02692 0.03032 0.5442 64.0 75.0 67.0
-0.13226 -0.00417 0.47371 97.0 113.0 129.0
0.0433 0.06249 0.57903 25.0 25.0 23.0
-0.01158 0.0308 0.54985 27.0 32.0 26.0
0.15294 -0.04324 0.5771 191.0 207.0 243.0
-0.04403 0.04052 0.54111 172.0 150.0 129.0
-0.03373 0.0393 0.54447 202.0 214.0 200.0
-0.05477 0.04333 0.53597 87.0 94.0 87.0
-0.09682 0.02827 0.50806 202.0 203.0 205.0
0.11096 0.03362 0.59188 67.0 63.0 51.0
-0.09673 0.0283 0.50798 204.0 205.0 207.0
0.04347 0.0624 0.57897 21.0 22.0 17.0
0.03084 0.07373 0.57801 37.0 32.0 29.0
-0.1008 0.04323 0.5126 32.0 27.0 21.0
0.16753 0.00294 0.5964 173.0 191.0 153.0
-0.13645 -0.01075 0.47084 62.0 63.0 49.0
0.08017 0.07281 0.59323 42.0 32.0 30.0
0.09213 0.03853 0.58739 45.0 46.0 41.0
-0.08534 0.02725 0.51251 190.0 192.0 191.0
-0.08933 0.04894 0.52145 61.0 44.0 37.0
-0.06978 0.0303 0.52246 21.0 16.0 12.0
-0.10426 0.02844 0.50413 197.0 197.0 199.0
0.14331 -0.03167 0.57613 193.0 209.0 243.0
-0.10425 0.02853 0.504 203.0 203.0 203.0
-0.11945 0.04226 0.50557 25.0 24.0 20.0
0.07834 0.06732 0.59087 42.0 31.0 29.0
-0.073 0.03311 0.5222 200.0 200.0 202.0
0.14308 -0.03452 0.57495 62.0 74.0 52.0
0.01681 0.0181 0.55867 19.0 14.0 8.0
-0.12345 0.0786 0.52602 40.0 42.0 18.0
0.12529 -0.02513 0.58355 60.0 61.0 55.0
-0.07028 0.02972 0.5221 29.0 28.0 26.0
-0.09849 -0.00369 0.48704 20.0 21.0 23.0
0.06221 0.07038 0.58729 29.0 25.0 22.0
-0.06236 0.04417 0.53195 156.0 140.0 125.0
-0.04732 0.07532 0.55149 192.0 176.0 161.0
0.11216 0.03996 0.59361 217.0 216.0 214.0
-0.05184 0.05021 0.54044 53.0 40.0 32.0
-0.0628 0.04351 0.53221 76.0 62.0 51.0
-0.05266 0.04064 0.53515 50.0 51.0 43.0
-0.09015 0.05027 0.52074 58.0 41.0 34.0
-0.0332 0.07229 0.55591 34.0 29.0 26.0
0.01717 0.0185 0.55818 49.0 46.0 37.0
0.11599 0.04832 0.59743 54.0 35.0 21.0
-0.0777 -0.00595 0.50028 39.0 45.0 45.0
-0.05225 0.07428 0.549 46.0 28.0 16.0
0.00043 0.03126 0.55591 72.0 63.0 58.0
0.0307 0.06955 0.57701 39.0 42.0 35.0
0.14407 -0.0355 0.5756 106.0 115.0 94.0
-0.06373 0.07472 0.54386 84.0 74.0 65.0
-0.08535 0.03499 0.51588 195.0 195.0 195.0
-0.03284 0.07224 0.55579 36.0 31.0 28.0
-0.10171 0.04601 0.51374 227.0 224.0 217.0
0.0789 0.03718 0.58123 55.0 46.0 39.0
-0.0572 0.02787 0.52939 81.0 75.0 61.0
0.03037 0.06919 0.57741 35.0 38.0 27.0
-0.08564 0.03451 0.51661 195.0 195.0 195.0
-0.05591 0.07487 0.54697 71.0 61.0 51.0
-0.09899 0.03218 0.5087 95.0 96.0 80.0
-0.10755 -0.02288 0.46568 45.0 45.0 43.0
0.09384 0.03341 0.58676 64.0 64.0 54.0
-0.10338 0.00112 0.48858 209.0 224.0 243.0
-0.09543 0.04369 0.51555 83.0 74.0 65.0
-0.05912 0.02683 0.52753 132.0 129.0 124.0
-0.02883 0.03785 0.54576 82.0 95.0 52.0
-0.10337 0.03072 0.50583 82.0 76.0 64.0
-0.04469 0.04342 0.54182 170.0 146.0 122.0
-0.04761 0.05038 0.54268 255.0 255.0 253.0
-0.11417 0.08202 0.53057 61.0 56.0 37.0
0.15963 0.0398 0.59584 113.0 103.0 93.0
-0.05256 0.07403 0.54937 108.0 84.0 74.0
-0.10776 -0.02286 0.46583 46.0 46.0 44.0
-0.07744 -0.07018 0.47425 88.0 87.0 93.0
-0.04927 0.02138 0.53226 89.0 76.0 67.0
0.0452 0.00234 0.56352 28.0 26.0 27.0
0.16057 -0.05388 0.57942 42.0 50.0 26.0
-0.08398 0.03796 0.51722 196.0 200.0 199.0
-0.1598 0.0823 0.5161 30.0 33.0 4.0
-0.04552 0.0118 0.53074 252.0 252.0 252.0
-0.02905 0.0378 0.54594 99.0 117.0 59.0
0.07725 0.03681 0.58243 30.0 27.0 22.0
-0.03589 -0.04358 0.52324 19.0 16.0 9.0
-0.12588 0.08169 0.5266 45.0 47.0 23.0
-0.05345 0.05113 0.5402 58.0 43.0 36.0
-0.04718 0.07626 0.5518 92.0 78.0 65.0
-0.04039 0.04121 0.54308 74.0 61.0 53.0
-0.10842 -0.02285 0.46622 42.0 43.0 38.0
-0.0418 0.07479 0.55308 47.0 30.0 22.0
0.07012 0.01721 0.57518 223.0 224.0 226.0
0.03527 0.01572 0.56917 219.0 223.0 226.0
0.08341 0.03103 0.58309 63.0 53.0 51.0
0.00989 0.07568 0.57365 44.0 51.0 33.0
-0.04755 0.05063 0.54242 254.0 254.0 254.0
-0.10651 -0.0251 0.46492 65.0 62.0 53.0
0.16266 -0.05334 0.57788 88.0 91.0 48.0
0.15889 -0.03831 0.5806 32.0 42.0 31.0
-0.13927 0.00473 0.4798 210.0 222.0 246.0
-0.07727 0.07404 0.53639 42.0 35.0 29.0
-0.0456 0.05256 0.54464 56.0 33.0 25.0
0.08526 0.04872 0.58867 229.0 220.0 189.0
0.15927 -0.0374 0.58085 26.0 37.0 21.0
-0.07937 0.0612 0.52962 199.0 198.0 194.0
-0.09458 0.07965 0.53622 36.0 41.0 18.0
-0.09628 0.03134 0.50915 201.0 201.0 203.0
0.16112 -0.05375 0.57902 31.0 37.0 9.0
0.04533 0.00301 0.56356 25.0 24.0 22.0
-0.0588 0.07447 0.54564 50.0 40.0 30.0
-0.04849 0.02273 0.53281 37.0 36.0 32.0
-0.08454 0.03602 0.51421 197.0 198.0 200.0
-0.10477 0.00034 0.48813 209.0 224.0 245.0
0.08429 0.03793 0.58514 57.0 42.0 35.0
-0.07352 0.04652 0.52763 201.0 201.0 201.0
0.04548 -0.00092 0.56296 25.0 24.0 22.0
-0.05217 0.03213 0.53256 51.0 54.0 45.0
0.05117 0.06117 0.58067 62.0 61.0 57.0
-0.09349 0.05218 0.52123 69.0 44.0 39.0
-0.03849 0.02625 0.53878 63.0 52.0 48.0
-0.14068 -0.00675 0.47386 109.0 112.0 91.0
-0.07668 0.07194 0.53558 185.0 181.0 172.0
-0.08932 0.07007 0.52929 191.0 186.0 180.0
-0.04026 -0.01003 0.52652 159.0 131.0 109.0
0.03361 -0.018 0.5549 18.0 22.0 21.0
-0.06639 0.03166 0.52654 92.0 83.0 74.0
0.07836 0.07449 0.59293 49.0 38.0 32.0
-0.06645 0.03193 0.5263 49.0 36.0 27.0
-0.13868 0.08058 0.52133 20.0 35.0 2.0
-0.07386 0.07322 0.53798 112.0 102.0 93.0
0.05748 -0.01138 0.56459 93.0 97.0 98.0
-0.14688 0.05915 0.50806 208.0 220.0 120.0
-0.0869 0.00104 0.49828 21.0 20.0 18.0
-0.09526 0.04374 0.51541 83.0 74.0 65.0
0.0495 0.06934 0.58226 174.0 177.0 182.0
-0.05865 0.02715 0.5269 195.0 195.0 193.0
-0.07133 0.07175 0.53839 116.0 83.0 78.0
-0.04808 0.05652 0.54462 254.0 254.0 254.0
0.04634 0.0346 0.57193 31.0 28.0 21.0
0.06706 0.06211 0.58702 195.0 192.0 187.0
0.03233 -0.01461 0.55512 83.0 90.0 96.0
0.04716 0.03404 0.57214 32.0 29.0 22.0
-0.02471 0.02227 0.5431 87.0 70.0 60.0
-0.06338 0.04137 0.53178 98.0 88.0 79.0
-0.07172 0.07205 0.53822 192.0 170.0 157.0
-0.06963 0.0704 0.53837 92.0 64.0 53.0
-0.13795 -0.01593 0.46759 94.0 108.0 117.0
-0.11299 0.05834 0.51455 166.0 145.0 116.0
-0.03856 0.02549 0.53824 60.0 49.0 45.0
0.04907 0.06954 0.5821 176.0 177.0 182.0
-0.09974 -0.00912 0.4839 19.0 20.0 24.0
-0.10839 0.03101 0.50392 30.0 33.0 40.0
-0.1389 -0.00841 0.47244 136.0 151.0 174.0
-0.0395 0.03087 0.53961 89.0 75.0 64.0
-0.09993 0.03966 0.5116 143.0 148.0 142.0
-0.0692 0.04008 0.52692 12.0 8.0 5.0
-0.06067 0.02628 0.52655 196.0 196.0 196.0
0.0491 0.03175 0.57216 141.0 136.0 114.0
-0.09574 0.04398 0.5153 164.0 148.0 132.0
-0.03972 0.03082 0.53979 71.0 58.0 49.0
-0.02874 0.03297 0.54441 77.0 89.0 85.0
-0.01856 0.02185 0.54595 84.0 67.0 57.0
-0.04435 -0.01868 0.52123 127.0 136.0 133.0
-0.08662 0.00102 0.49808 27.0 26.0 24.0
0.05465 0.02945 0.57264 23.0 19.0 10.0
-0.09774 0.05547 0.52088 109.0 72.0 64.0
-0.08442 -0.0142 0.49111 188.0 186.0 187.0
-0.01246 0.02269 0.5482 54.0 45.0 40.0
0.04959 0.06969 0.58203 176.0 176.0 184.0
-0.09733 -0.00776 0.48488 71.0 78.0 88.0
-0.05969 0.03328 0.53025 189.0 189.0 189.0
-0.08845 0.03748 0.51591 61.0 54.0 48.0
-0.03345 0.03779 0.54424 103.0 117.0 100.0
-0.10038 -0.00504 0.48519 30.0 28.0 31.0
-0.07728 0.06627 0.53402 135.0 134.0 130.0
-0.09791 0.04369 0.51451 202.0 201.0 199.0
0.11255 0.03781 0.59346 186.0 188.0 187.0
-0.06967 0.07413 0.5398 50.0 40.0 30.0
0.03995 -0.01974 0.57141 5.0 9.0 12.0
-0.10921 0.0193 0.49324 201.0 198.0 193.0
-0.0422 -0.00621 0.52598 44.0 35.0 26.0
0.08864 0.07586 0.59693 191.0 178.0 159.0
0.00072 0.02745 0.55435 126.0 101.0 81.0
-0.03074 -0.04337 0.52546 20.0 19.0 14.0
-0.08861 0.03747 0.516 61.0 54.0 48.0
-0.0325 -0.04268 0.52476 181.0 191.0 192.0
-0.08671 0.03212 0.51428 24.0 19.0 15.0
-0.04723 -0.01673 0.52056 21.0 21.0 23.0
-0.13815 -0.01295 0.46933 233.0 248.0 255.0
-0.0389 -0.04381 0.52133 20.0 20.0 12.0
0.10377 0.06017 0.6007 146.0 157.0 117.0
-0.04145 -0.04966 0.51796 194.0 191.0 186.0
-0.09113 -0.00682 0.49054 27.0 26.0 22.0
-0.07677 -0.06824 0.47507 63.0 61.0 49.0
-0.08586 -0.01653 0.48778 32.0 28.0 27.0
-0.13193 0.06439 0.51389 77.0 84.0 66.0
-0.04185 -0.03151 0.51914 4.0 4.0 6.0
-0.06711 0.03577 0.52849 37.0 30.0 24.0
0.06869 0.07262 0.59047 228.0 217.0 197.0
-0.0448 -0.00236 0.5265 255.0 255.0 255.0
-0.13864 0.08056 0.52136 101.0 113.0 65.0
-0.08265 -0.00506 0.49769 92.0 101.0 106.0
-0.00941 0.03371 0.55215 88.0 101.0 92.0
0.11306 0.03542 0.59297 233.0 234.0 236.0
-0.09693 -0.00796 0.48542 74.0 81.0 91.0
-0.08919 0.06894 0.53058 186.0 181.0 175.0
-0.05076 0.02573 0.53247 204.0 202.0 203.0
0.09913 0.04288 0.60308 243.0 244.0 226.0
-0.09769 0.03761 0.51194 197.0 197.0 197.0
0.07042 0.03882 0.58059 88.0 86.0 74.0
-0.01496 0.04579 0.55572 254.0 251.0 244.0
-0.07692 0.07021 0.53625 194.0 189.0 183.0
0.04901 0.03174 0.57223 141.0 136.0 114.0
-0.14262 0.00509 0.48 209.0 224.0 245.0
-0.08716 0.03204 0.51427 61.0 54.0 48.0
-0.10961 0.04373 0.50965 179.0 179.0 179.0
-0.04221 -0.00032 0.52839 92.0 73.0 59.0
0.15405 0.03768 0.59297 23.0 22.0 20.0
-0.04497 -8e-05 0.52718 253.0 251.0 252.0
-0.0463 0.02619 0.53509 251.0 251.0 251.0
-0.11096 0.01747 0.49681 189.0 186.0 181.0
-0.04674 0.03361 0.53753 252.0 254.0 253.0
0.04655 -0.0204 0.55863 13.0 17.0 18.0
-0.04309 0.02811 0.5375 161.0 133.0 111.0
-0.0562 0.07964 0.54934 244.0 243.0 238.0
-0.01837 0.02314 0.546 49.0 33.0 20.0
0.04642 -0.02381 0.55781 5.0 11.0 9.0
-0.00065 0.07454 0.56764 25.0 20.0 17.0
-0.075 0.03764 0.52345 150.0 154.0 155.0
-0.07428 0.05339 0.52991 212.0 208.0 209.0
-0.00899 0.03622 0.55294 207.0 219.0 205.0
0.01228 0.07789 0.57533 244.0 244.0 242.0
0.15316 0.03605 0.59255 73.0 75.0 87.0
-0.03762 -0.05354 0.52048 195.0 192.0 187.0
-0.0311 0.0352 0.54438 97.0 105.0 92.0
0.09754 0.03441 0.58825 228.0 229.0 231.0
0.0093 0.00716 0.5523 52.0 42.0 40.0
0.10205 0.02021 0.58603 188.0 157.0 136.0
0.03347 -0.02529 0.55293 6.0 10.0 11.0
0.05524 -0.01367 0.56326 61.0 68.0 74.0
-0.09526 0.07904 0.53096 88.0 101.0 58.0
-0.09876 0.0363 0.50931 91.0 98.0 91.0
-0.12053 0.08175 0.52836 125.0 123.0 102.0
-0.02856 -0.0438 0.52646 59.0 64.0 60.0
0.03378 -0.01946 0.5543 18.0 20.0 17.0
-0.02003 0.02674 0.54633 219.0 219.0 217.0
-0.0496 0.0543 0.54328 57.0 39.0 35.0
-0.08756 -0.00687 0.49331 116.0 90.0 77.0
-0.04489 0.03836 0.54022 100.0 87.0 79.0
-0.00117 0.02951 0.55435 239.0 239.0 239.0
-0.01675 0.04116 0.55206 237.0 235.0 236.0
-0.08048 0.07326 0.53478 52.0 42.0 30.0
-0.08323 0.07512 0.5369 252.0 255.0 255.0
-0.04146 0.02772 0.53786 191.0 169.0 146.0
0.00857 -0.07522 0.52665 130.0 149.0 147.0
-0.0468 0.07944 0.55408 238.0 239.0 234.0
-0.05626 0.02962 0.52968 86.0 82.0 71.0
-0.08712 -0.00888 0.49243 118.0 98.0 87.0
-0.0896 -0.01108 0.48908 214.0 216.0 215.0
-0.08716 0.03189 0.51445 114.0 103.0 97.0
0.05211 0.03295 0.57203 37.0 37.0 29.0
0.07816 0.01343 0.57711 61.0 48.0 40.0
0.00926 0.07445 0.5732 18.0 17.0 0.0
-0.03999 0.05427 0.54515 53.0 33.0 26.0
-0.08314 0.05335 0.52473 106.0 103.0 96.0
-0.04687 0.00103 0.52528 30.0 29.0 27.0
0.03352 -0.02951 0.55196 10.0 12.0 9.0
-0.04156 -0.00728 0.52635 101.0 78.0 62.0
-0.10559 0.03397 0.50654 192.0 190.0 191.0
-0.0373 0.03809 0.5429 255.0 253.0 250.0
-0.01975 0.00078 0.53889 138.0 112.0 95.0
0.15559 -0.03196 0.58284 87.0 103.0 54.0
0.04913 -0.01801 0.56027 11.0 13.0 12.0
-0.08191 -0.00279 0.49865 108.0 109.0 104.0
-0.005 0.06832 0.56548 107.0 91.0 76.0
-0.13358 -0.01371 0.46714 200.0 215.0 246.0
-0.08323 0.05301 0.52516 95.0 91.0 82.0
-0.03296 0.04638 0.54759 234.0 235.0 219.0
0.04205 0.03097 0.57128 134.0 129.0 107.0
0.04459 -0.02563 0.54053 13.0 15.0 14.0
0.0339 -0.01935 0.5542 14.0 19.0 15.0
-0.02767 -0.04097 0.52807 23.0 18.0 12.0
-0.01723 0.02683 0.54738 241.0 238.0 233.0
0.06255 0.07479 0.58805 239.0 236.0 231.0
0.08983 0.0129 0.58062 53.0 40.0 34.0
0.0088 0.00949 0.553 97.0 80.0 72.0
0.03408 0.02918 0.56539 70.0 64.0 48.0
0.08603 0.04428 0.58724 247.0 247.0 245.0
0.02689 -0.03375 0.54711 18.0 15.0 8.0
-0.09526 0.04173 0.51451 111.0 103.0 90.0
-0.15443 0.0823 0.51742 49.0 50.0 18.0
0.00134 0.04441 0.56069 72.0 82.0 32.0
-0.09191 0.04289 0.51594 15.0 12.0 7.0
-0.03215 0.04435 0.54687 132.0 151.0 85.0
0.00166 0.0297 0.557 126.0 103.0 87.0
-0.07765 -0.02172 0.49378 26.0 30.0 33.0
0.09957 0.03256 0.58845 64.0 56.0 54.0
-0.04086 0.05336 0.54645 52.0 33.0 27.0
-0.01383 0.0068 0.55414 84.0 76.0 73.0
-0.12968 0.05267 0.50723 67.0 55.0 41.0
-0.06714 0.07481 0.54139 54.0 43.0 37.0
-0.07497 0.07628 0.53813 244.0 245.0 240.0
-0.04335 -0.07037 0.50304 210.0 202.0 199.0
-0.08227 0.05313 0.5257 106.0 101.0 95.0
-0.07368 0.03075 0.52044 76.0 77.0 71.0
-0.10416 0.0181 0.49838 150.0 129.0 110.0
-0.10846 0.04927 0.51282 31.0 23.0 21.0
-0.07229 0.00436 0.50972 167.0 153.0 140.0
-0.04627 0.05441 0.54475 83.0 56.0 47.0
-0.07373 -0.04623 0.48384 68.0 73.0 79.0
0.1555 0.02686 0.589 187.0 180.0 174.0
0.03363 -0.02722 0.55272 6.0 8.0 7.0
-0.08502 -0.01213 0.49204 206.0 202.0 199.0
-0.10297 0.01226 0.49547 103.0 92.0 86.0
-0.09358 0.03163 0.50978 126.0 109.0 99.0
-0.02875 0.01292 0.539 91.0 74.0 64.0
-0.13321 -0.01078 0.46946 162.0 184.0 208.0
-0.10171 0.00475 0.49099 132.0 114.0 104.0
-0.04061 0.051 0.55069 91.0 61.0 51.0
-0.10801 0.02632 0.50105 38.0 41.0 48.0
-0.04181 -0.00747 0.52672 101.0 78.0 62.0
-0.0366 0.02827 0.53991 240.0 238.0 239.0
-0.05265 -0.05877 0.50558 196.0 195.0 190.0
-0.02826 0.02464 0.54258 238.0 238.0 238.0
-0.13239 0.0523 0.50663 78.0 65.0 49.0
-0.01706 -0.02717 0.52602 17.0 16.0 21.0
-0.06418 -0.00639 0.51127 55.0 59.0 70.0
-0.0472 0.00038 0.52487 37.0 36.0 34.0
0.04074 0.04058 0.57187 36.0 35.0 31.0
-0.03312 0.03947 0.54474 202.0 214.0 200.0
-0.13723 0.00051 0.47697 205.0 222.0 242.0
-0.04096 0.05906 0.54855 55.0 27.0 23.0
-0.03256 0.0355 0.54369 210.0 222.0 210.0
0.1528 0.04001 0.59314 98.0 89.0 80.0
0.05312 -0.00784 0.56496 21.0 21.0 23.0
0.14856 -0.0184 0.58275 46.0 52.0 42.0
-0.08682 0.05845 0.52664 247.0 243.0 240.0
0.10292 0.0653 0.60147 27.0 31.0 16.0
0.05185 0.03038 0.57279 36.0 33.0 24.0
0.12276 -0.02266 0.5825 182.0 178.0 175.0
-0.05406 -0.01782 0.51399 69.0 76.0 86.0
-0.06796 -0.01152 0.506 24.0 28.0 27.0
-0.08829 0.00337 0.49871 38.0 33.0 30.0
-0.09398 0.02923 0.50979 169.0 156.0 147.0
-0.03848 0.00474 0.53196 35.0 26.0 19.0
-0.15256 0.08495 0.5194 165.0 157.0 144.0
-0.02065 0.02238 0.54482 99.0 81.0 67.0
0.04997 0.07103 0.58279 172.0 175.0 182.0
-0.12101 0.03139 0.49858 31.0 33.0 45.0
-0.13828 0.06026 0.5106 140.0 157.0 87.0
-0.04199 -0.00645 0.52716 46.0 29.0 19.0
0.08076 0.03864 0.58404 55.0 42.0 33.0
-0.12798 0.02997 0.49652 182.0 179.0 172.0
0.06117 -0.02782 0.56318 16.0 13.0 6.0
-0.07182 -0.06456 0.48172 24.0 21.0 16.0
-0.03315 0.05632 0.55115 91.0 58.0 41.0
-0.13501 -0.00705 0.47254 98.0 99.0 103.0
-0.09466 0.03757 0.5127 72.0 63.0 54.0
-0.09699 -0.02424 0.47296 23.0 23.0 23.0
-0.09629 -0.02512 0.4716 23.0 22.0 20.0
0.03782 -0.00822 0.55836 29.0 27.0 28.0
-0.07603 0.05731 0.53033 128.0 128.0 126.0
0.10504 0.01489 0.58567 70.0 53.0 43.0
-0.02792 0.06115 0.55568 31.0 40.0 13.0
-0.09649 -0.02496 0.47157 23.0 21.0 22.0
-0.09338 0.02939 0.50927 77.0 68.0 59.0
-0.02623 0.06906 0.55778 106.0 121.0 78.0
-0.08758 -0.00682 0.49326 107.0 80.0 69.0
-0.04164 -0.01672 0.52342 16.0 14.0 15.0
-0.05253 -0.01963 0.51378 63.0 67.0 76.0
-0.00373 0.00411 0.54632 151.0 126.0 106.0
-0.08792 -0.0256 0.48064 74.0 79.0 85.0
-0.08224 -0.02695 0.48486 72.0 77.0 83.0
0.09476 0.00078 0.57917 36.0 23.0 17.0
0.06201 -0.02731 0.56233 22.0 21.0 16.0
-0.04273 -0.01651 0.52314 19.0 17.0 18.0
0.10725 0.01931 0.5876 67.0 42.0 20.0
-0.03962 0.06921 0.55266 144.0 100.0 91.0
0.04735 0.04089 0.5741 36.0 33.0 28.0
-0.1164 0.0796 0.53276 45.0 43.0 2.0
-0.07605 0.05698 0.53071 188.0 187.0 185.0
-0.06741 0.04048 0.52809 24.0 23.0 21.0
-0.10031 -0.0223 0.47129 33.0 33.0 33.0
-0.04636 -0.02503 0.51762 21.0 25.0 26.0
0.02958 0.07805 0.58045 239.0 238.0 236.0
-0.07745 -0.02104 0.49282 24.0 29.0 32.0
-0.13703 0.08006 0.52179 116.0 132.0 85.0
-0.03837 0.02268 0.53742 75.0 61.0 52.0
-0.10318 0.07968 0.53282 186.0 187.0 127.0
-0.09533 0.03741 0.51272 129.0 115.0 102.0
-0.05718 0.0381 0.53249 254.0 255.0 255.0
-0.09116 0.03648 0.51388 25.0 14.0 8.0
-0.06423 -0.01743 0.50614 27.0 29.0 26.0
-0.03224 -0.02733 0.52836 22.0 22.0 22.0
-0.0807 -0.01641 0.49278 32.0 36.0 39.0
0.04304 -0.01499 0.55812 57.0 62.0 68.0
0.00724 -0.06531 0.52782 182.0 201.0 243.0
-0.10658 0.03301 0.50555 17.0 0.0 0.0
0.05206 -0.01959 0.56039 20.0 22.0 21.0
0.15455 0.02368 0.58423 52.0 56.0 67.0
-0.04438 0.0214 0.53448 92.0 79.0 70.0
-0.06429 0.02912 0.52548 27.0 26.0 24.0
-0.04612 -0.0374 0.51535 64.0 69.0 63.0
-0.10272 0.03675 0.50852 146.0 145.0 140.0
0.03923 -0.02466 0.55515 13.0 14.0 16.0
0.07694 0.00017 0.57347 57.0 47.0 46.0
-0.08709 -0.00884 0.49236 118.0 98.0 87.0
-0.09873 -0.00647 0.48578 62.0 63.0 58.0
-0.09312 0.02945 0.50906 109.0 99.0 89.0
-0.04987 0.01862 0.53112 24.0 20.0 19.0
-0.07462 0.03059 0.52007 79.0 80.0 74.0
-0.14074 0.07667 0.51879 104.0 120.0 71.0
-0.03226 0.02379 0.54036 253.0 252.0 248.0
-0.04018 0.06839 0.55138 155.0 110.0 105.0
0.06887 0.07575 0.60288 142.0 135.0 116.0
-0.07703 0.00029 0.50374 18.0 18.0 18.0
0.04738 0.05622 0.57792 31.0 28.0 21.0
-0.08674 0.05628 0.52558 204.0 199.0 196.0
0.01049 0.00988 0.55341 77.0 64.0 58.0
-0.01153 0.02041 0.54744 74.0 59.0 52.0
-0.06061 0.04128 0.53215 205.0 203.0 204.0
0.04683 0.04019 0.57374 36.0 31.0 27.0
0.04667 0.05584 0.57773 32.0 32.0 22.0
-0.13294 -0.00819 0.47135 118.0 126.0 115.0
-0.02322 0.03711 0.54807 135.0 138.0 117.0
-0.0315 -0.04837 0.52477 140.0 150.0 151.0
-0.07098 -0.07213 0.48422 171.0 170.0 165.0
0.06188 0.02835 0.57608 65.0 61.0 49.0
0.07427 0.01412 0.57588 224.0 196.0 175.0
-0.11767 0.08469 0.53113 216.0 204.0 188.0
-0.09147 -0.02021 0.48072 30.0 32.0 31.0
0.00835 -0.06507 0.52805 182.0 200.0 238.0
0.07286 0.07394 0.59102 248.0 235.0 226.0
-0.03973 0.07103 0.55294 171.0 126.0 121.0
-0.09152 -0.02029 0.48087 30.0 32.0 29.0
0.0471 0.0554 0.57745 38.0 36.0 24.0
-0.03926 -0.0296 0.52155 11.0 11.0 13.0
-0.13613 -0.01732 0.46541 167.0 184.0 194.0
0.07829 -0.00205 0.5734 85.0 70.0 63.0
-0.03399 0.02164 0.53893 88.0 70.0 56.0
-0.04009 0.00544 0.53166 59.0 46.0 40.0
-0.0351 0.02072 0.5383 107.0 86.0 69.0
-0.07222 -0.02789 0.49485 76.0 81.0 87.0
-0.09728 -0.03359 0.46394 35.0 34.0 30.0
-0.07013 -0.06333 0.48837 10.0 9.0 5.0
-0.04767 0.0786 0.55243 251.0 251.0 243.0
-0.04613 -0.01123 0.52335 19.0 19.0 21.0
-0.03561 -0.0185 0.5257 18.0 16.0 17.0
-0.04106 -0.0134 0.52476 31.0 17.0 14.0
-0.0013 0.03413 0.55586 239.0 239.0 239.0
-0.06442 -0.02131 0.50537 22.0 28.0 28.0
0.04675 0.05726 0.57775 27.0 26.0 21.0
-0.04121 0.01897 0.53563 87.0 73.0 64.0
0.04652 -0.0257 0.55754 15.0 20.0 16.0
-0.0757 -0.07514 0.47681 172.0 193.0 238.0
-0.07713 0.04811 0.52756 196.0 195.0 193.0
0.0816 0.01029 0.57748 64.0 49.0 42.0
-0.09428 -0.01718 0.48221 33.0 37.0 40.0
-0.00718 0.0265 0.55093 237.0 237.0 239.0
0.04295 -0.01517 0.55872 59.0 64.0 70.0
0.08228 0.02293 0.57929 222.0 225.0 230.0
0.00894 -0.06474 0.52835 197.0 209.0 235.0
-0.03534 -0.01748 0.5247 17.0 12.0 16.0
-0.08135 -0.00265 0.49926 104.0 106.0 103.0
0.02707 -0.00546 0.55533 43.0 33.0 31.0
-0.07602 0.04911 0.52591 201.0 199.0 200.0
-0.03093 7e-05 0.53381 130.0 104.0 89.0
0.18122 0.01042 0.6048 75.0 89.0 40.0
-0.05253 -0.03535 0.50892 73.0 77.0 80.0
-0.05352 0.026 0.52914 194.0 188.0 176.0
-0.07184 0.05148 0.53015 56.0 41.0 36.0
-0.03574 0.05319 0.54878 120.0 79.0 57.0
0.02697 -0.00577 0.55555 107.0 89.0 79.0
-0.0869 0.00522 0.501 57.0 47.0 38.0
0.03926 -0.01347 0.55726 107.0 114.0 120.0
-0.00176 0.03137 0.5542 240.0 240.0 240.0
0.17947 0.00677 0.60317 23.0 29.0 15.0
0.07378 -0.00133 0.57217 65.0 50.0 43.0
0.0041 0.01834 0.55264 85.0 68.0 61.0
-0.05182 -0.03515 0.51011 70.0 74.0 75.0
-0.14738 0.04834 0.50128 99.0 89.0 77.0
-0.0963 -0.01393 0.48288 73.0 76.0 85.0
0.01429 -0.0063 0.55066 32.0 23.0 16.0
-0.0374 0.05484 0.54763 147.0 88.0 74.0
0.05437 0.07719 0.59541 104.0 115.0 75.0
-0.0074 0.00868 0.54584 85.0 68.0 60.0
-0.10225 0.01522 0.49661 13.0 5.0 3.0
-0.06774 -0.04855 0.49028 64.0 69.0 72.0
-0.07095 -0.0047 0.5069 61.0 66.0 72.0
0.07523 0.07108 0.59106 58.0 58.0 56.0
-0.0387 0.05221 0.54693 144.0 90.0 80.0
-0.00735 0.00879 0.54573 80.0 65.0 58.0
0.03927 -0.00343 0.55973 62.0 47.0 42.0
-0.00904 0.02525 0.55024 237.0 237.0 237.0
0.04125 -0.01631 0.57206 58.0 63.0 67.0
-0.03766 -0.01555 0.52393 13.0 11.0 12.0
-0.03646 0.03937 0.54364 238.0 238.0 238.0
-0.07629 -0.01457 0.49765 34.0 39.0 33.0
-0.05641 0.01182 0.52872 27.0 25.0 26.0
-0.09233 0.03539 0.51088 117.0 101.0 88.0
0.07048 -0.00096 0.57116 38.0 30.0 28.0
-0.10195 0.02366 0.50273 101.0 87.0 74.0
-0.03923 -0.01581 0.5233 23.0 22.0 20.0
0.02921 0.07791 0.58072 237.0 236.0 234.0
0.11024 0.03485 0.59155 65.0 62.0 57.0
-0.01117 0.02504 0.54918 241.0 241.0 241.0
0.0363 -0.00314 0.55923 71.0 58.0 52.0
-0.06538 -0.00931 0.50826 26.0 32.0 32.0
-0.08167 0.03295 0.51789 205.0 205.0 207.0
-0.10859 0.04942 0.51266 23.0 18.0 15.0
-0.06307 -0.00568 0.51233 99.0 100.0 95.0
-0.1301 0.0838 0.52599 197.0 185.0 171.0
-0.03912 0.00777 0.53258 92.0 74.0 62.0
0.03177 0.04645 0.56849 33.0 37.0 38.0
0.15909 -0.03236 0.58397 95.0 114.0 69.0
-0.064 -0.04613 0.50076 21.0 21.0 23.0
0.01473 0.00925 0.55467 247.0 219.0 197.0
-0.07948 -0.01741 0.49283 23.0 29.0 29.0
-0.14013 0.08614 0.52434 163.0 172.0 127.0
0.01415 -0.00682 0.55012 49.0 44.0 40.0
-0.13779 -0.00668 0.47313 211.0 225.0 251.0
-0.08516 -0.01114 0.493 199.0 195.0 194.0
-0.1068 0.03352 0.50567 119.0 93.0 70.0
-0.04816 -0.00114 0.52674 18.0 18.0 18.0
-0.02863 0.08535 0.56866 143.0 159.0 112.0
0.07073 -0.00048 0.57126 34.0 25.0 26.0
-0.03147 0.08124 0.56143 247.0 246.0 241.0
-0.07177 -0.04944 0.48541 7.0 9.0 8.0
-0.03197 0.057 0.54993 120.0 68.0 55.0
-0.12317 0.08115 0.5268 20.0 20.0 0.0
-0.03068 0.02081 0.53983 94.0 72.0 59.0
-0.04229 -0.06924 0.50402 197.0 192.0 188.0
-0.06306 -0.04598 0.49951 17.0 17.0 17.0
-0.08004 -0.00535 0.49877 50.0 56.0 56.0
-0.10206 0.01312 0.49589 110.0 97.0 88.0
-0.03481 0.07058 0.55418 63.0 49.0 46.0
-0.07595 0.04915 0.52582 202.0 200.0 201.0
-0.06026 0.08264 0.55152 207.0 192.0 171.0
0.01136 0.03259 0.55974 89.0 71.0 59.0
0.01441 0.00903 0.55504 239.0 207.0 182.0
-0.04098 0.025 0.53798 81.0 59.0 38.0
-0.04065 -0.05077 0.51901 214.0 211.0 206.0
-0.04598 -0.05431 0.51407 187.0 183.0 180.0
-0.04239 0.05999 0.54822 80.0 51.0 45.0
-0.0595 -0.07101 0.49202 184.0 180.0 177.0
-0.08323 0.02519 0.51311 45.0 38.0 30.0
-0.04381 -0.03489 0.51755 17.0 17.0 17.0
0.16608 0.01047 0.59759 45.0 45.0 37.0
-0.03596 0.07071 0.55361 39.0 28.0 26.0
-0.04262 -0.05011 0.51773 168.0 164.0 161.0
-0.03848 -0.00238 0.52989 88.0 75.0 69.0
-0.03913 0.01071 0.53343 106.0 89.0 73.0
-0.05451 0.01896 0.52704 33.0 32.0 30.0
-0.05164 0.05802 0.54722 57.0 37.0 30.0
-0.05049 0.0652 0.54605 62.0 43.0 36.0
0.05858 0.02925 0.57502 109.0 103.0 81.0
-0.03701 0.03083 0.54084 255.0 255.0 250.0
0.02752 0.07135 0.57606 72.0 70.0 71.0
0.02678 0.00486 0.55788 117.0 85.0 64.0
0.05673 0.00319 0.56781 53.0 42.0 36.0
-0.03659 0.07721 0.55687 220.0 208.0 184.0
-0.07092 -0.00531 0.50609 100.0 112.0 124.0
-0.07992 -0.01753 0.49159 28.0 32.0 35.0
0.09251 0.00363 0.57917 55.0 43.0 43.0
-0.05118 0.06489 0.54734 57.0 37.0 30.0
-0.13669 0.07852 0.52182 53.0 64.0 22.0
-0.09647 0.03621 0.51566 156.0 143.0 127.0
0.07768 0.01243 0.57668 107.0 88.0 74.0
-0.03987 0.072 0.55243 161.0 118.0 111.0
-0.05343 0.02548 0.52959 217.0 217.0 217.0
-0.04382 0.05562 0.54595 150.0 91.0 85.0
-0.00663 0.02492 0.55115 255.0 255.0 251.0
-0.1348 0.00458 0.47854 208.0 223.0 244.0
-0.04086 0.06317 0.54946 149.0 92.0 83.0
-0.04492 0.01026 0.52326 35.0 31.0 30.0
0.03913 -0.02871 0.55393 16.0 18.0 15.0
0.10469 0.02 0.58679 62.0 48.0 39.0
-0.04383 0.07281 0.55158 161.0 120.0 116.0
-0.07678 -0.01261 0.49607 32.0 36.0 37.0
0.04431 -0.0139 0.55937 85.0 95.0 105.0
-0.06494 -0.01617 0.50673 26.0 28.0 27.0
0.0386 -0.00335 0.55961 49.0 42.0 36.0
-0.04911 0.03427 0.5342 37.0 40.0 33.0
0.06409 -0.00022 0.56959 72.0 55.0 47.0
0.04082 0.00033 0.5616 86.0 69.0 59.0
0.07448 0.00909 0.57491 67.0 35.0 12.0
0.05517 -0.02154 0.5611 69.0 71.0 68.0
-0.04637 0.03944 0.53988 47.0 45.0 46.0
-0.00678 0.02533 0.55098 233.0 233.0 233.0
0.08042 0.03256 0.5826 38.0 25.0 17.0
0.02741 -0.00268 0.5564 54.0 46.0 44.0
-0.05527 0.01538 0.52627 30.0 29.0 27.0
-0.10569 0.03261 0.50574 185.0 178.0 172.0
0.08377 0.01526 0.57923 120.0 101.0 87.0
-0.00103 0.01961 0.55164 60.0 51.0 46.0
-0.09353 0.02612 0.50795 31.0 20.0 14.0
-0.02923 0.08521 0.56903 121.0 134.0 88.0
-0.08457 0.04094 0.54728 194.0 194.0 194.0
-0.08251 0.02418 0.51278 84.0 75.0 66.0
-0.06518 -0.00042 0.51094 22.0 21.0 19.0
-0.13068 0.04949 0.50561 79.0 69.0 59.0
-0.00231 -0.06673 0.52391 180.0 199.0 241.0
-0.12832 0.07944 0.5244 80.0 82.0 43.0
-0.04252 0.04772 0.54437 166.0 160.0 144.0
0.04623 0.02618 0.57086 49.0 32.0 14.0
0.01172 -0.0629 0.53045 1.0 0.0 0.0
-0.05052 0.027 0.53292 89.0 84.0 64.0
-0.07743 -0.01334 0.49748 32.0 36.0 35.0
-0.08623 -0.05433 0.46375 190.0 185.0 189.0
-0.14915 0.01515 0.48448 145.0 142.0 137.0
0.00992 0.00053 0.55076 77.0 63.0 60.0
-0.05453 0.03469 0.53206 88.0 88.0 86.0
-0.01183 -0.04732 0.53962 234.0 236.0 235.0
0.00587 0.02224 0.55496 43.0 30.0 21.0
0.06149 0.00235 0.5689 63.0 52.0 46.0
-0.07699 -0.01338 0.49853 33.0 37.0 36.0
0.00594 0.07773 0.5722 236.0 233.0 224.0
-0.03721 -0.01302 0.52685 51.0 34.0 26.0
-0.05587 0.02807 0.5305 70.0 65.0 46.0
-0.07419 0.0203 0.51548 88.0 75.0 66.0
-0.14039 0.08592 0.52464 151.0 152.0 118.0
-0.0178 0.07204 0.56323 46.0 49.0 30.0
0.06748 0.01004 0.57311 150.0 102.0 79.0
-0.07673 0.03592 0.52157 194.0 194.0 194.0
-0.05572 0.03174 0.53038 138.0 139.0 131.0
-0.02718 -0.00935 0.53286 74.0 57.0 50.0
-0.07498 -0.02599 0.49287 32.0 36.0 39.0
-0.06307 -0.01028 0.5103 79.0 84.0 88.0
-0.0941 -0.02295 0.47652 67.0 70.0 75.0
-0.04092 0.0238 0.53636 143.0 124.0 107.0
-0.08823 -0.04528 0.4603 65.0 66.0 60.0
-0.06962 -0.04868 0.48204 61.0 64.0 69.0
0.09149 0.03079 0.58573 235.0 234.0 232.0
-0.10678 0.05379 0.51518 111.0 73.0 64.0
0.18285 0.01386 0.60624 22.0 31.0 14.0
0.08856 0.02415 0.58567 225.0 228.0 233.0
0.00636 -0.07232 0.5261 195.0 210.0 249.0
-0.06747 0.02692 0.52331 195.0 195.0 197.0
-0.0188 -0.06932 0.51665 180.0 199.0 241.0
0.03174 -0.03234 0.55139 63.0 61.0 48.0
-0.09763 -0.01749 0.47754 23.0 23.0 25.0
0.01949 0.03978 0.56451 103.0 102.0 97.0
-0.059 -0.07428 0.4918 176.0 194.0 240.0
-0.06687 -0.01547 0.50572 24.0 28.0 27.0
-0.0964 0.00268 0.49393 160.0 146.0 133.0
-0.09605 0.00276 0.49359 142.0 129.0 120.0
-0.06776 -0.0017 0.5117 13.0 11.0 12.0
-0.07852 0.05512 0.52837 199.0 197.0 198.0
-0.0887 0.06055 0.52593 228.0 223.0 220.0
-0.06259 0.0079 0.51822 33.0 29.0 26.0
0.04427 0.04234 0.57343 81.0 81.0 73.0
0.02025 -0.01275 0.55148 25.0 25.0 25.0
0.04223 0.0763 0.5843 245.0 242.0 235.0
-0.0023 0.00085 0.54566 44.0 39.0 36.0
0.00263 0.02326 0.55416 75.0 62.0 54.0
-0.08776 0.05145 0.52224 194.0 196.0 195.0
0.03002 0.07667 0.57923 223.0 224.0 219.0
-0.08387 0.03648 0.51726 196.0 200.0 199.0
-0.04078 -0.04458 0.51957 23.0 20.0 15.0
-0.0451 0.00953 0.52406 25.0 24.0 22.0
0.00096 -0.06677 0.52468 180.0 199.0 241.0
0.15176 0.02235 0.58318 95.0 101.0 117.0
0.09544 0.06229 0.59892 54.0 53.0 35.0
-0.03087 0.07257 0.5561 46.0 39.0 33.0
-0.07846 0.05587 0.52895 199.0 198.0 196.0
0.0525 0.00265 0.56627 73.0 62.0 60.0
-0.04678 0.06687 0.54868 159.0 110.0 103.0
-0.12461 0.0298 0.4973 185.0 180.0 174.0
-0.0657 -0.01477 0.50392 25.0 29.0 28.0
-0.1481 0.08521 0.52126 128.0 120.0 109.0
-0.10394 0.03876 0.5091 253.0 255.0 254.0
0.01857 0.01766 0.56143 21.0 18.0 9.0
-0.02508 0.00659 0.53833 43.0 33.0 32.0
-0.04799 0.03514 0.53691 79.0 74.0 71.0
-0.13631 0.0623 0.51181 106.0 111.0 71.0
-0.03938 -0.04719 0.52017 110.0 114.0 100.0
0.05721 -0.01455 0.56384 103.0 110.0 118.0
-0.09528 0.00061 0.49319 81.0 72.0 63.0
-0.02079 0.03081 0.54661 239.0 239.0 239.0
0.03248 0.00555 0.56029 124.0 96.0 75.0
-0.07055 0.01581 0.50832 28.0 20.0 17.0
0.05869 0.00442 0.56859 65.0 55.0 54.0
0.10667 0.03163 0.59027 233.0 233.0 235.0
-0.04116 0.06341 0.54969 149.0 94.0 87.0
-0.06887 -0.00255 0.51151 22.0 22.0 22.0
-0.01914 -0.04833 0.52906 186.0 183.0 178.0
0.04858 -0.04087 0.5553 222.0 219.0 214.0
0.0148 0.0046 0.55344 110.0 74.0 52.0
0.04727 0.04159 0.57426 35.0 31.0 28.0
-0.08902 0.00629 0.49935 137.0 119.0 109.0
-0.01883 0.07326 0.56217 32.0 35.0 16.0
-0.04065 -0.00693 0.5275 97.0 86.0 80.0
0.07714 0.03483 0.58221 23.0 19.0 16.0
-0.06591 0.03444 0.52656 106.0 93.0 84.0
-0.08669 0.0426 0.51989 197.0 197.0 197.0
0.00034 0.00891 0.54937 85.0 67.0 57.0
-0.12929 0.08491 0.52694 209.0 196.0 190.0
-0.04236 -0.01077 0.52567 29.0 22.0 16.0
0.0039 0.01756 0.55295 75.0 61.0 58.0
-0.08845 -0.0234 0.48173 74.0 77.0 82.0
-0.05222 0.01103 0.52629 25.0 24.0 22.0
-0.04333 0.07865 0.55435 255.0 252.0 234.0
-0.1024 -0.00768 0.48313 203.0 219.0 244.0
0.05801 0.04762 0.57922 29.0 29.0 27.0
-0.06871 -0.07263 0.48512 138.0 133.0 130.0
-0.09385 0.07745 0.5357 75.0 102.0 59.0
-0.09537 0.00388 0.4942 123.0 101.0 88.0
-0.04092 0.00524 0.53101 36.0 31.0 28.0
-0.08222 0.02424 0.51254 88.0 78.0 69.0
0.04456 0.07633 0.58598 247.0 244.0 239.0
-0.00172 -0.00868 0.54409 60.0 52.0 49.0
-0.07048 -0.07444 0.47464 174.0 195.0 240.0
0.0058 0.01169 0.55224 97.0 77.0 68.0
-0.07268 -0.07525 0.47851 173.0 194.0 237.0
-0.0774 0.04998 0.49758 214.0 213.0 211.0
-0.06181 -0.03125 0.50244 79.0 84.0 88.0
-0.0729 0.06294 0.53452 126.0 93.0 84.0
0.02728 0.00087 0.55699 48.0 37.0 31.0
-0.08132 0.06992 0.5332 192.0 185.0 177.0
-0.00498 -0.06711 0.52169 179.0 198.0 240.0
-0.08851 0.0086 0.50169 144.0 128.0 115.0
0.03491 -0.06099 0.53918 184.0 203.0 243.0
0.06454 0.07763 0.60092 116.0 131.0 92.0
0.0195 -0.00451 0.55314 77.0 69.0 67.0
-0.05409 -0.07027 0.49656 175.0 176.0 171.0
0.01655 0.01219 0.55666 210.0 192.0 178.0
0.01746 0.01082 0.55745 241.0 237.0 234.0
-0.16206 0.07906 0.51428 129.0 155.0 94.0
0.11255 0.0227 0.58947 113.0 94.0 80.0
0.02851 0.00415 0.5585 160.0 114.0 80.0
0.11413 0.04099 0.59473 255.0 252.0 248.0
-0.00321 0.00571 0.54784 40.0 27.0 21.0
-0.06697 0.08061 0.54872 219.0 208.0 190.0
-0.06586 0.02616 0.52345 197.0 199.0 198.0
-0.13475 0.04944 0.50445 80.0 71.0 62.0
0.04903 0.00077 0.56531 58.0 44.0 35.0
-0.07112 0.07115 0.53831 122.0 92.0 84.0
-0.08671 0.04161 0.51853 198.0 198.0 198.0
-0.03365 0.04044 0.54595 212.0 224.0 212.0
-0.07944 -0.04179 0.47908 18.0 18.0 20.0
-0.02777 0.06392 0.55591 81.0 78.0 43.0
0.16179 0.01187 0.59641 23.0 31.0 16.0
0.07214 0.00553 0.57349 107.0 87.0 76.0
-0.09303 -0.04359 0.46031 135.0 133.0 138.0
0.10439 0.02195 0.58713 86.0 75.0 71.0
0.02442 0.0454 0.56847 106.0 104.0 89.0
-0.02528 -0.06839 0.51339 3.0 0.0 0.0
0.06363 -0.05649 0.55021 186.0 204.0 242.0
0.05665 0.01886 0.56462 104.0 82.0 58.0
-0.0816 0.01568 0.50971 148.0 132.0 117.0
0.05717 0.00784 0.56854 157.0 118.0 85.0
-0.03368 0.01323 0.53664 83.0 73.0 64.0
0.08666 0.00245 0.57711 48.0 37.0 35.0
-0.04803 -0.05218 0.51462 45.0 50.0 56.0
0.07231 0.00541 0.5734 105.0 86.0 79.0
0.07838 0.01059 0.57657 66.0 56.0 54.0
-0.04438 -0.05334 0.51514 166.0 165.0 161.0
-0.10396 0.03872 0.50916 253.0 255.0 254.0
0.07386 -0.03308 0.55734 171.0 179.0 181.0
-0.0842 0.01519 0.50723 33.0 23.0 14.0
0.06064 0.00071 0.56815 60.0 47.0 41.0
0.03374 -0.00394 0.55835 91.0 76.0 69.0
-0.10529 0.03949 0.50979 239.0 238.0 236.0
0.00057 -0.00899 0.54474 79.0 68.0 64.0
0.0854 0.01063 0.57864 87.0 73.0 64.0
-0.08224 -0.02251 0.48715 76.0 81.0 87.0
-0.03274 0.01774 0.53853 39.0 23.0 8.0
0.05651 -1e-05 0.56688 77.0 62.0 55.0
-0.09037 0.05703 0.52409 104.0 67.0 59.0
0.03204 -0.04259 0.54999 229.0 224.0 220.0
-0.0164 0.01723 0.54499 107.0 88.0 73.0
0.0772 -0.05447 0.55488 185.0 203.0 241.0
0.10474 0.02101 0.58706 107.0 93.0 84.0
0.05252 -0.02946 0.55833 74.0 75.0 61.0
-0.04126 0.03694 0.541 46.0 32.0 23.0
0.02433 0.04553 0.56845 137.0 132.0 112.0
0.02406 -0.01257 0.55311 19.0 17.0 20.0
-0.09063 0.06341 0.5261 116.0 81.0 75.0
-0.01664 0.0055 0.54138 119.0 96.0 80.0
-0.07093 -0.067 0.47791 59.0 66.0 74.0
-0.10752 0.01049 0.49337 185.0 182.0 177.0
-0.08186 -0.02309 0.48843 78.0 83.0 87.0
-0.11106 0.05518 0.51464 205.0 178.0 148.0
-0.04512 -0.03588 0.51608 68.0 70.0 67.0
-0.15092 0.08409 0.5194 91.0 95.0 68.0
-0.07684 -0.00931 0.50017 31.0 37.0 35.0
-0.12582 0.08549 0.52803 192.0 185.0 157.0
0.00632 -0.07792 0.52517 150.0 161.0 163.0
0.04525 -0.00837 0.56083 23.0 21.0 22.0
0.07268 0.00565 0.57305 94.0 74.0 65.0
-0.12702 0.00615 0.48111 137.0 136.0 132.0
0.07792 0.07003 0.59168 41.0 32.0 27.0
-0.09606 0.01207 0.49956 150.0 136.0 125.0
0.05026 0.04398 0.57444 169.0 170.0 164.0
0.0593 0.01072 0.57046 137.0 91.0 65.0
-0.03168 -0.07217 0.51115 176.0 197.0 240.0
-0.11866 0.08658 0.53328 166.0 181.0 124.0
-0.02486 0.02309 0.56478 89.0 89.0 65.0
-0.05652 -0.01823 0.51167 14.0 12.0 15.0
0.06759 0.06766 0.58811 230.0 227.0 222.0
0.15993 0.03622 0.59506 24.0 23.0 19.0
-0.08804 0.05354 0.52255 231.0 225.0 225.0
0.0985 0.00202 0.58048 47.0 34.0 28.0
-0.07098 -0.00824 0.50445 89.0 103.0 114.0
0.00317 -0.0707 0.52482 176.0 195.0 238.0
0.11575 -0.02676 0.57889 112.0 117.0 113.0
0.04653 0.04474 0.57471 130.0 125.0 119.0
-0.11133 -0.02547 0.46131 191.0 210.0 242.0
-0.06263 0.05057 0.53511 62.0 44.0 40.0
0.05503 0.01033 0.56892 143.0 96.0 70.0
-0.06466 -0.033 0.50022 65.0 73.0 76.0
-0.09406 -0.02967 0.47036 24.0 23.0 21.0
0.15522 -0.00979 0.58693 187.0 179.0 177.0
0.00918 -0.07702 0.52667 156.0 171.0 168.0
0.04914 0.05102 0.57713 148.0 147.0 143.0
0.03389 -0.04148 0.551 181.0 178.0 173.0
-0.09452 0.00372 0.49504 137.0 114.0 98.0
-0.04474 -0.02766 0.51956 72.0 79.0 87.0
0.00618 -0.04593 0.53994 216.0 215.0 211.0
0.0421 -0.06077 0.54403 183.0 201.0 239.0
-0.11352 0.00269 0.4816 206.0 221.0 244.0
0.11255 0.02268 0.58948 113.0 94.0 80.0
-0.06647 0.08078 0.54836 211.0 198.0 179.0
-0.07515 0.03031 0.5196 85.0 85.0 75.0
-0.05192 0.00573 0.52749 17.0 17.0 17.0
-0.09669 -0.03168 0.46595 79.0 75.0 66.0
-0.01475 -0.03983 0.53094 16.0 13.0 8.0
-0.06117 -0.01269 0.51055 27.0 25.0 26.0
-0.06256 0.0507 0.53494 62.0 44.0 40.0
-0.00919 0.02981 0.55089 64.0 72.0 61.0
-0.00225 0.00175 0.54618 84.0 70.0 59.0
0.16481 0.02217 0.59224 5.0 6.0 11.0
-0.03379 0.03538 0.54347 211.0 223.0 211.0
-0.11158 0.04486 0.50953 29.0 28.0 24.0
-0.1577 0.08827 0.51873 115.0 132.0 87.0
0.00436 -0.07653 0.52417 158.0 177.0 175.0
-0.04811 0.0123 0.52892 59.0 54.0 50.0
0.02015 0.00251 0.55483 74.0 52.0 38.0
-0.08791 0.05253 0.52299 227.0 222.0 219.0
0.06771 0.00539 0.57198 77.0 59.0 49.0
0.07604 -0.0553 0.5545 184.0 204.0 241.0
0.06047 -0.05349 0.54982 193.0 189.0 186.0
0.07689 0.01595 0.57728 214.0 218.0 219.0
0.05997 -0.04261 0.55953 206.0 205.0 200.0
-0.06717 0.02738 0.52262 194.0 192.0 193.0
-0.0116 -0.03637 0.53319 13.0 9.0 6.0
0.00534 0.02674 0.55621 32.0 21.0 17.0
0.06795 0.00872 0.57106 68.0 42.0 25.0
0.05891 -0.01858 0.56343 18.0 18.0 20.0
-0.12818 0.07925 0.52466 157.0 174.0 120.0
0.00194 -0.00628 0.5458 65.0 54.0 52.0
-0.11978 0.00307 0.48061 206.0 221.0 244.0
0.00684 -0.01017 0.547 8.0 8.0 10.0
-0.01688 -0.05248 0.53031 209.0 206.0 201.0
-0.08811 0.05993 0.52576 197.0 196.0 194.0
-0.05774 0.03148 0.52906 197.0 203.0 203.0
0.05829 -0.05103 0.55186 125.0 124.0 120.0
-0.04176 0.07285 0.55263 167.0 128.0 123.0
-0.05066 0.05595 0.54308 75.0 50.0 45.0
-0.07145 0.06052 0.5339 123.0 86.0 78.0
-0.01009 -0.0056 0.54105 94.0 77.0 70.0
-0.05595 -0.01871 0.51188 13.0 12.0 17.0
7e-05 0.00777 0.54881 37.0 26.0 20.0
0.16052 -0.05572 0.5795 49.0 59.0 32.0
-0.02304 0.01491 0.54094 85.0 71.0 62.0
-0.06056 0.01038 0.52062 17.0 16.0 14.0
-0.04733 -0.00361 0.52429 16.0 16.0 18.0
-0.1317 0.0865 0.52812 144.0 164.0 105.0
0.10563 0.03159 0.59005 240.0 240.0 242.0
-0.04513 0.0601 0.54673 147.0 90.0 79.0
-0.05222 0.05486 0.54164 99.0 64.0 58.0
-0.02882 -0.01313 0.53115 35.0 27.0 24.0
-0.03112 0.09044 0.56756 139.0 153.0 100.0
-0.08311 -0.06013 0.46701 143.0 136.0 143.0
0.04323 0.04372 0.57353 32.0 27.0 23.0
0.05386 -0.00907 0.5638 17.0 15.0 18.0
0.01856 0.08192 0.58098 151.0 163.0 117.0
-0.09584 -0.01952 0.48204 71.0 75.0 78.0
-0.10449 -0.01994 0.47272 199.0 214.0 243.0
0.0194 -0.01031 0.55194 17.0 15.0 18.0
0.08106 0.00666 0.57632 58.0 47.0 45.0
-0.06937 -0.07319 0.5023 217.0 217.0 215.0
0.05393 -0.05639 0.54845 44.0 45.0 47.0
-0.04623 0.06094 0.54649 151.0 103.0 93.0
-0.05219 0.00829 0.52372 27.0 25.0 28.0
-0.05136 0.06773 0.54657 108.0 75.0 66.0
-0.04694 -0.00394 0.52424 21.0 21.0 23.0
-0.09952 0.00088 0.48992 152.0 129.0 115.0
0.06296 -0.00867 0.56869 22.0 20.0 21.0
-0.03752 -0.07239 0.50483 177.0 196.0 239.0
0.03368 0.00606 0.56014 109.0 86.0 72.0
-0.03297 -0.04978 0.52162 185.0 181.0 178.0
-0.08047 0.07214 0.53437 196.0 184.0 170.0
-0.07077 -0.01409 0.50161 70.0 73.0 78.0
0.0099 -0.06665 0.5273 179.0 198.0 240.0
0.01852 0.08197 0.58097 182.0 193.0 150.0
-0.10261 -0.00604 0.48371 204.0 220.0 245.0
0.01885 -0.04068 0.53706 252.0 255.0 255.0
-0.10791 0.00062 0.49134 205.0 220.0 241.0
0.06897 -0.00049 0.57066 55.0 47.0 45.0
-0.09796 -0.03099 0.46561 65.0 61.0 50.0
0.04301 -0.01803 0.55768 61.0 66.0 69.0
-0.12618 0.08536 0.52822 202.0 194.0 173.0
0.0259 -0.01137 0.55266 20.0 16.0 17.0
0.02081 0.01645 0.56137 74.0 43.0 22.0
-0.06061 -0.02121 0.50735 21.0 19.0 20.0
-0.03371 -0.00089 0.53197 46.0 38.0 36.0
-0.07501 -0.07607 0.47703 172.0 193.0 238.0
-0.09417 0.04919 0.51855 62.0 47.0 40.0
0.02093 0.00504 0.55369 141.0 105.0 79.0
-0.09403 -0.03596 0.45486 89.0 95.0 95.0
-0.08714 0.00982 0.50333 50.0 45.0 41.0
-0.00832 -0.04416 0.50618 111.0 110.0 106.0
-0.09421 0.0488 0.51868 61.0 44.0 37.0
-0.04701 -0.0042 0.52453 22.0 22.0 24.0
0.06827 0.05363 0.58532 92.0 90.0 91.0
0.10375 0.00211 0.58226 83.0 64.0 57.0
0.1528 0.0257 0.58442 187.0 178.0 171.0
0.01665 0.02302 0.55872 93.0 89.0 77.0
0.0446 0.04409 0.57247 12.0 11.0 9.0
-0.00232 0.01442 0.54988 139.0 118.0 101.0
0.06501 0.02632 0.57702 151.0 120.0 92.0
-0.05243 0.0666 0.54596 109.0 75.0 66.0
-0.11062 0.05754 0.51573 205.0 178.0 151.0
0.12138 -0.0301 0.58034 208.0 207.0 203.0
0.0498 -0.00945 0.56227 22.0 22.0 22.0
-0.0387 0.06365 0.55043 123.0 94.0 88.0
-0.13297 0.03037 0.49531 169.0 164.0 158.0
-0.00907 0.02835 0.55023 108.0 110.0 89.0
-0.0989 -0.02831 0.46874 73.0 71.0 59.0
0.07118 0.05449 0.58653 91.0 90.0 88.0
-0.053 0.02141 0.52918 62.0 56.0 56.0
0.00098 -0.07983 0.54086 172.0 193.0 238.0
-0.00381 -0.07069 0.52356 177.0 196.0 238.0
-0.10827 0.02491 0.49899 177.0 176.0 174.0
-0.04436 0.08194 0.5556 245.0 244.0 239.0
-0.04377 -0.03003 0.5193 123.0 138.0 157.0
-0.10714 -0.0202 0.46803 197.0 214.0 244.0
-0.0789 -0.06587 0.47137 150.0 151.0 155.0
-0.09142 -0.0472 0.46849 55.0 56.0 51.0
-0.13602 0.00731 0.48015 159.0 154.0 151.0
0.01298 0.00952 0.55466 254.0 222.0 201.0
-0.10715 0.05674 0.51649 115.0 77.0 66.0
0.05179 0.02559 0.57108 123.0 101.0 80.0
-0.01905 -0.0666 0.51652 143.0 140.0 135.0
0.1829 0.01626 0.60704 22.0 30.0 17.0
-0.08954 0.06187 0.52879 198.0 197.0 195.0
0.03155 -0.00872 0.55614 14.0 14.0 16.0
0.01921 0.08191 0.58067 165.0 179.0 130.0
-0.08046 -0.02993 0.4849 7.0 6.0 11.0
-0.03648 -0.07161 0.50312 178.0 197.0 240.0
0.10146 0.0693 0.60224 76.0 70.0 56.0
-0.12504 0.00268 0.47711 205.0 220.0 243.0
-0.15568 0.04631 0.49922 28.0 23.0 19.0
-0.01984 -0.05391 0.57055 117.0 129.0 127.0
0.03553 -0.05511 0.52257 188.0 184.0 181.0
-0.14602 0.0397 0.50188 49.0 46.0 37.0
-0.00611 -0.07269 0.5213 174.0 195.0 238.0
-0.08363 -0.06314 0.46592 178.0 200.0 241.0
0.01456 -0.07004 0.52923 177.0 196.0 238.0
0.03719 -0.01009 0.55765 18.0 18.0 20.0
0.05921 -0.03557 0.56093 170.0 176.0 174.0
-0.12602 0.07933 0.52523 139.0 158.0 94.0
-0.06027 -0.02971 0.50464 8.0 8.0 10.0
0.01762 0.0143 0.56016 109.0 77.0 56.0
0.03348 0.00302 0.55768 99.0 81.0 67.0
-0.07354 0.0132 0.51335 193.0 172.0 155.0
-0.07156 0.07628 0.5425 247.0 247.0 245.0
0.036 0.00805 0.56166 135.0 90.0 61.0
0.02988 0.00871 0.56004 145.0 95.0 68.0
-0.03406 -0.00149 0.53249 72.0 67.0 63.0
-0.06293 -0.01414 0.50861 80.0 85.0 89.0
0.02278 -0.00882 0.55337 17.0 16.0 21.0
-0.07015 0.0592 0.53326 99.0 65.0 56.0
0.05408 0.08654 0.59294 92.0 106.0 55.0
0.01275 -0.06509 0.5302 180.0 199.0 239.0
0.16073 0.02649 0.59327 192.0 187.0 181.0
0.00494 -0.04282 0.53974 136.0 146.0 145.0
-0.09091 0.03347 0.51305 89.0 79.0 69.0
-0.08618 -0.04348 0.46959 73.0 71.0 59.0
-0.10923 0.00106 0.48758 205.0 220.0 243.0
0.04151 0.0113 0.5652 236.0 205.0 184.0
0.02971 -0.01546 0.55425 20.0 18.0 19.0
0.04867 -0.01265 0.5611 112.0 117.0 121.0
-0.04821 -0.05472 0.5144 151.0 147.0 144.0
0.02517 0.00612 0.55743 115.0 75.0 49.0
-0.0665 -0.01905 0.50405 16.0 21.0 24.0
-0.07232 0.02173 0.53011 113.0 109.0 100.0
0.06584 0.00738 0.57309 146.0 111.0 81.0
0.06754 -0.02786 0.56357 19.0 16.0 11.0
-0.05772 -0.02904 0.50702 13.0 13.0 15.0
-0.10935 0.0009 0.48789 205.0 220.0 243.0
-0.07492 -0.07646 0.47752 173.0 191.0 237.0
-0.0171 0.01268 0.54375 124.0 98.0 81.0
-0.00653 -0.07518 0.52003 173.0 194.0 237.0
-0.11803 0.00615 0.48157 179.0 176.0 171.0
0.00847 -0.06846 0.52762 178.0 197.0 240.0
-0.02185 -0.01402 0.53425 14.0 12.0 15.0
-0.04156 -0.04361 0.5192 26.0 25.0 21.0
-0.01997 0.05823 0.55915 239.0 244.0 221.0
-0.11994 0.04825 0.51091 7.0 1.0 1.0
0.00704 -0.01225 0.54566 14.0 15.0 17.0
-0.09166 -0.04722 0.45619 188.0 206.0 244.0
-0.05898 0.04918 0.53511 58.0 43.0 38.0
0.0359 0.00891 0.56174 148.0 102.0 76.0
0.06885 -0.03582 0.56362 114.0 113.0 109.0
-0.03584 -0.05316 0.5243 227.0 226.0 221.0
-0.09414 -0.00394 0.4912 15.0 14.0 19.0
0.0633 -0.00648 0.56768 20.0 18.0 21.0
0.08862 -0.00441 0.57584 29.0 25.0 24.0
0.01888 -0.03465 0.54564 19.0 14.0 8.0
-0.05949 -0.0692 0.49911 184.0 181.0 176.0
-0.05163 0.02203 0.53019 137.0 123.0 114.0
-0.021 -0.06844 0.53598 188.0 184.0 181.0
0.02769 0.01336 0.56045 224.0 225.0 227.0
-0.10124 -0.03131 0.46227 56.0 61.0 57.0
0.0813 -0.0045 0.57427 20.0 18.0 19.0
-0.1204 0.00682 0.48288 166.0 165.0 160.0
-0.09999 0.04785 0.51549 36.0 22.0 13.0
-0.00883 -0.07055 0.51924 175.0 197.0 238.0
0.05005 0.02674 0.5685 44.0 31.0 14.0
-0.06258 -0.03743 0.5008 16.0 16.0 18.0
-0.06833 -0.02431 0.49972 26.0 31.0 34.0
0.01797 -0.03496 0.54662 19.0 16.0 9.0
0.01093 -0.0656 0.53061 181.0 200.0 240.0
-0.01131 0.02596 0.54945 239.0 239.0 239.0
-0.09381 -0.02796 0.47063 22.0 22.0 22.0
-0.0281 -0.04241 0.52892 23.0 20.0 11.0
-0.06251 -0.03717 0.5005 15.0 15.0 17.0
-0.07901 0.0497 0.52583 196.0 196.0 194.0
-0.0539 0.07032 0.54776 95.0 60.0 54.0
-0.04509 0.05971 0.54706 143.0 84.0 76.0
0.09378 -0.00325 0.57796 18.0 16.0 19.0
-0.09135 -0.04813 0.45709 187.0 205.0 243.0
-0.07928 0.0493 0.52641 199.0 198.0 196.0
0.06952 0.0045 0.57213 128.0 105.0 87.0
0.06091 0.04703 0.58006 35.0 30.0 26.0
-0.05031 -0.03067 0.5118 76.0 81.0 77.0
-0.05006 -0.0722 0.49838 197.0 213.0 246.0
0.13483 0.00011 0.57582 20.0 18.0 21.0
0.06914 0.05782 0.58655 95.0 91.0 90.0
0.05148 0.0071 0.56694 70.0 39.0 19.0
0.06804 -0.05784 0.54558 183.0 203.0 240.0
-0.01992 0.00525 0.53965 99.0 82.0 75.0
0.04578 0.01189 0.566 230.0 202.0 180.0
-0.06345 -0.05525 0.48451 17.0 17.0 17.0
-0.08966 0.00584 0.49839 53.0 46.0 38.0
-0.10673 0.04907 0.51387 49.0 34.0 27.0
0.04213 -0.03917 0.55392 252.0 254.0 253.0
0.0863 0.00037 0.5764 44.0 36.0 34.0
0.04904 0.01184 0.56763 232.0 204.0 182.0
0.00124 0.01914 0.55271 93.0 77.0 62.0
0.04242 0.07911 0.58968 80.0 95.0 54.0
0.00887 -0.06011 0.53055 152.0 149.0 144.0
-0.0087 -0.07671 0.52306 172.0 193.0 236.0
0.04241 0.00883 0.56402 148.0 102.0 76.0
-0.06359 -0.05985 0.49174 26.0 25.0 21.0
-0.05775 -0.05898 0.4887 72.0 76.0 85.0
-0.07587 0.00562 0.50801 132.0 115.0 105.0
-0.09622 -0.00675 0.48692 74.0 73.0 69.0
-0.12345 0.03095 0.49791 204.0 203.0 199.0
0.14272 0.00611 0.58056 18.0 18.0 20.0
0.03342 -0.01043 0.55668 21.0 19.0 22.0
-0.09289 -0.02259 0.47796 86.0 83.0 74.0
-0.10938 -0.02749 0.46014 192.0 211.0 243.0
-0.05237 -0.02768 0.5139 63.0 66.0 71.0
-0.00772 -0.06255 0.52333 135.0 130.0 127.0
0.01713 -0.05572 0.53076 150.0 146.0 143.0
0.05974 0.01669 0.5721 222.0 223.0 225.0
-0.02041 -0.06835 0.5139 180.0 200.0 237.0
0.03024 -0.02171 0.55285 11.0 12.0 14.0
-0.05332 0.05975 0.54343 101.0 67.0 58.0
0.01059 -0.05918 0.52886 114.0 110.0 107.0
-0.05204 -0.01575 0.51609 16.0 16.0 18.0
-0.01814 -0.01237 0.53599 22.0 20.0 23.0
-0.06872 -0.03701 0.49294 18.0 16.0 17.0
-0.11395 0.00726 0.48907 182.0 181.0 177.0
-0.09826 -0.02571 0.47055 63.0 63.0 55.0
-0.07166 -0.01624 0.5006 65.0 68.0 73.0
0.04669 0.01306 0.56764 234.0 233.0 229.0
0.13567 0.00058 0.57515 22.0 20.0 21.0
-0.056 -0.05961 0.50569 220.0 219.0 217.0
0.02251 0.01897 0.56311 52.0 44.0 31.0
-0.05233 0.07188 0.54705 104.0 73.0 68.0
-0.09216 0.01363 0.50253 107.0 94.0 85.0
-0.01994 0.02654 0.56684 33.0 38.0 32.0
-0.00137 -0.07152 0.51996 174.0 195.0 238.0
-0.06289 0.04955 0.53368 60.0 46.0 37.0
0.13032 0.02772 0.59147 187.0 179.0 176.0
-0.0808 0.03693 0.52007 191.0 191.0 191.0
-0.11161 0.04382 0.50799 28.0 27.0 22.0
0.04998 0.03974 0.57432 160.0 160.0 148.0
-0.0672 0.07185 0.54029 111.0 82.0 76.0
-0.07355 -0.04965 0.48291 68.0 74.0 74.0
0.04768 0.02468 0.54658 222.0 226.0 229.0
-0.07287 -0.04441 0.48538 19.0 17.0 20.0
0.01116 0.02776 0.5585 54.0 44.0 42.0
0.03211 -0.00563 0.55747 55.0 45.0 44.0
-0.04115 0.0583 0.54778 48.0 27.0 22.0
-0.07584 -0.03139 0.48967 20.0 18.0 19.0
0.05884 0.06706 0.58437 136.0 137.0 141.0
0.07024 -0.05363 0.55283 97.0 98.0 103.0
0.06203 0.01292 0.57136 230.0 202.0 180.0
0.0114 -0.01001 0.54873 19.0 14.0 18.0
-0.06532 0.00253 0.51315 15.0 14.0 12.0
-0.07665 0.02875 0.5177 191.0 191.0 189.0
0.06972 0.01378 0.57443 219.0 192.0 171.0
0.05468 -0.02824 0.55925 52.0 52.0 42.0
-0.07033 -0.03418 0.49352 19.0 17.0 18.0
-0.08875 -0.0197 0.48425 76.0 81.0 85.0
-0.10602 0.05172 0.51423 113.0 84.0 76.0
-0.06171 -0.02575 0.50464 76.0 83.0 89.0
-0.12601 0.00526 0.48058 220.0 236.0 252.0
0.12058 -0.00751 0.5872 21.0 19.0 24.0
-0.01695 -0.01373 0.53655 17.0 15.0 18.0
-0.02704 -0.01399 0.53177 27.0 25.0 26.0
0.01959 -0.07067 0.52912 173.0 194.0 237.0
-0.11074 0.00663 0.49017 180.0 179.0 175.0
0.06149 -0.01725 0.5647 14.0 14.0 16.0
-0.02359 -0.01343 0.53338 22.0 20.0 23.0
0.07225 -0.00579 0.57051 11.0 11.0 13.0
0.06105 -0.05501 0.5491 4.0 8.0 11.0
0.1503 0.02667 0.58381 187.0 178.0 173.0
0.01555 -0.01297 0.54944 19.0 17.0 18.0
-0.05485 0.05654 0.5409 103.0 66.0 57.0
-0.07039 -0.02673 0.49616 66.0 69.0 74.0
-0.07103 -0.03746 0.49594 12.0 10.0 15.0
-0.05538 -0.05918 0.50462 133.0 134.0 129.0
-0.07059 -0.0307 0.49334 74.0 81.0 89.0
0.02424 0.01496 0.56876 224.0 228.0 231.0
-0.10942 -0.02726 0.45981 194.0 210.0 243.0
-0.08464 0.00257 0.50061 96.0 82.0 79.0
0.05994 -0.06006 0.548 182.0 201.0 241.0
-0.02658 -0.05251 0.52414 172.0 169.0 164.0
-0.09356 -0.02597 0.4748 15.0 15.0 15.0
0.07862 0.03637 0.58307 19.0 14.0 10.0
-0.13696 -0.00249 0.47566 204.0 219.0 242.0
-0.05927 0.00885 0.52109 14.0 14.0 16.0
0.01186 -0.05729 0.53687 164.0 161.0 156.0
-0.06084 -0.00488 0.51346 16.0 14.0 15.0
-0.08769 -0.02794 0.47735 10.0 10.0 12.0
-0.06966 -0.04573 0.48981 19.0 19.0 19.0
-0.05257 -0.0193 0.51534 63.0 67.0 76.0
0.05925 0.06876 0.58538 144.0 139.0 143.0
0.00134 -0.06795 0.52441 179.0 198.0 240.0
-0.14291 0.09024 0.5224 114.0 135.0 79.0
-0.05349 0.06544 0.54755 108.0 74.0 65.0
-0.12461 0.00715 0.48213 158.0 154.0 151.0
-0.15797 0.05954 0.50505 129.0 146.0 76.0
-0.05338 -0.05094 0.48222 17.0 16.0 12.0
0.06954 -0.05949 0.5527 181.0 200.0 240.0
-0.06415 0.01995 0.52182 34.0 29.0 26.0
-0.04593 0.07074 0.55054 157.0 107.0 100.0
-0.05644 0.05732 0.54034 112.0 75.0 67.0
-0.09449 -0.03355 0.46711 43.0 42.0 40.0
-0.02266 -0.04687 0.53058 126.0 137.0 139.0
0.04538 -0.05836 0.5435 184.0 202.0 238.0
0.05439 0.01031 0.56857 130.0 84.0 58.0
0.05982 0.05835 0.58099 109.0 105.0 102.0
-0.05837 -0.01941 0.51026 17.0 15.0 16.0
-0.02911 -0.01666 0.53008 20.0 18.0 21.0
0.00907 0.02836 0.55786 72.0 59.0 51.0
-0.06777 -0.05445 0.48781 59.0 59.0 57.0
-0.09146 0.03039 0.51101 42.0 35.0 29.0
0.02158 -0.06704 0.53567 179.0 198.0 240.0
-0.05834 -0.08008 0.49509 169.0 190.0 235.0
0.00678 -0.06205 0.52842 183.0 179.0 176.0
-0.02221 -0.0548 0.58189 70.0 73.0 62.0
-0.05128 -0.03892 0.51011 18.0 20.0 19.0
-0.06682 0.02085 0.52048 114.0 101.0 95.0
0.13993 0.0029 0.57174 19.0 17.0 20.0
-0.07351 -0.05589 0.48257 61.0 63.0 60.0
0.0724 -0.05136 0.5555 160.0 156.0 153.0
-0.0947 0.00544 0.49164 133.0 114.0 99.0
-0.01696 0.00667 0.54199 120.0 94.0 77.0
0.01147 -0.01027 0.5488 20.0 18.0 21.0
-0.07503 -0.04148 0.48492 5.0 4.0 10.0
-0.09399 0.05321 0.52041 107.0 70.0 62.0
-0.0561 0.05343 0.53941 99.0 65.0 56.0
0.08963 -0.03432 0.56029 184.0 183.0 179.0
-0.05307 -0.03251 0.50938 74.0 79.0 82.0
-0.02162 -0.01261 0.53461 24.0 20.0 19.0
0.02984 0.01887 0.56268 223.0 228.0 232.0
-0.06483 0.05456 0.53546 111.0 77.0 68.0
-0.0586 -0.01729 0.51071 29.0 27.0 28.0
0.11221 -0.0291 0.57726 223.0 222.0 218.0
0.00139 -0.0124 0.54437 13.0 13.0 15.0
-0.0342 -0.01607 0.52824 20.0 18.0 19.0
-0.06061 0.05342 0.53652 113.0 79.0 70.0
0.06805 -0.0337 0.56415 138.0 141.0 132.0
-0.12829 0.00907 0.48312 163.0 160.0 155.0
0.00117 -0.0722 0.52343 175.0 197.0 238.0
-0.07765 0.04847 0.52549 199.0 198.0 196.0
0.10198 -0.003 0.58049 19.0 17.0 18.0
0.0655 0.05052 0.58302 95.0 92.0 83.0
-0.03393 -0.01534 0.52839 12.0 12.0 14.0
-0.02457 -0.05582 0.58461 70.0 72.0 59.0
0.10218 -0.00315 0.58038 22.0 18.0 19.0
0.03731 0.00727 0.56224 142.0 100.0 76.0
0.00405 -0.01095 0.54581 20.0 18.0 21.0
-0.13398 -0.01742 0.46523 196.0 213.0 243.0
-0.03466 0.04977 0.54804 161.0 161.0 127.0
0.07829 -0.02745 0.56409 22.0 19.0 14.0
0.06654 -0.06194 0.55219 181.0 200.0 240.0
-0.08805 -0.02842 0.47831 23.0 23.0 23.0
0.01629 0.03346 0.56223 107.0 104.0 95.0
0.02701 -0.02088 0.55147 17.0 17.0 19.0
-0.06569 0.05464 0.53517 116.0 84.0 73.0
0.08861 -0.02252 0.56918 16.0 16.0 14.0
-0.07519 -0.00065 0.50582 28.0 26.0 27.0
0.06253 0.01426 0.57239 227.0 227.0 229.0
-0.08847 -0.02872 0.47911 20.0 18.0 19.0
0.11015 -0.02747 0.57684 59.0 61.0 48.0
-0.11112 0.04303 0.50862 30.0 29.0 25.0
0.10637 0.0029 0.58333 81.0 62.0 55.0
0.02822 -0.01705 0.55318 23.0 23.0 25.0
0.13937 0.0026 0.57219 19.0 17.0 18.0
-0.05523 -0.01557 0.51798 14.0 14.0 14.0
-0.01975 -0.05375 0.57905 54.0 55.0 41.0
0.05001 0.01197 0.58178 225.0 226.0 228.0
-0.06211 0.00609 0.51694 17.0 15.0 16.0
-0.01593 -0.04069 0.53219 16.0 13.0 6.0
0.02789 0.01068 0.55968 237.0 209.0 187.0
0.05677 0.01277 0.57059 231.0 201.0 177.0
-0.11829 0.02864 0.49839 234.0 233.0 228.0
-0.12044 0.02969 0.49794 222.0 221.0 216.0
-0.09502 -0.04128 0.46062 39.0 37.0 42.0
-0.06567 0.05466 0.53513 116.0 84.0 73.0
0.02432 -0.07498 0.53315 172.0 193.0 236.0
-0.02812 -0.04789 0.52741 118.0 130.0 130.0
-0.01652 -0.01979 0.53482 10.0 9.0 14.0
-0.04842 -0.00989 0.52323 20.0 20.0 20.0
0.15741 0.03437 0.59371 75.0 75.0 83.0
-0.08341 0.05078 0.52433 191.0 190.0 188.0
-0.05312 0.066 0.54324 119.0 82.0 74.0
-0.02433 -0.07746 0.5121 172.0 193.0 238.0
0.03558 0.01132 0.56362 204.0 188.0 172.0
-0.01696 -0.01997 0.53535 10.0 9.0 14.0
0.0826 0.00845 0.57776 83.0 72.0 66.0
-0.06602 0.05408 0.53591 103.0 69.0 60.0
0.04872 -0.01256 0.56103 112.0 117.0 121.0
-0.12881 0.08762 0.52682 161.0 181.0 118.0
0.07107 -0.05089 0.55666 181.0 180.0 176.0
-0.11055 0.0034 0.48922 63.0 63.0 65.0
0.0115 -0.0753 0.52782 175.0 194.0 237.0
0.01444 0.00503 0.57917 227.0 227.0 225.0
-0.04096 0.03772 0.57713 55.0 42.0 34.0
-0.11171 0.04422 0.523 252.0 255.0 255.0
-0.07765 -0.01596 0.53404 201.0 201.0 201.0
-0.09297 -0.01658 0.51076 207.0 207.0 205.0
0.01595 0.00595 0.58016 243.0 243.0 243.0
-0.05967 0.01924 0.55949 31.0 31.0 29.0
-0.05951 0.01905 0.55957 32.0 31.0 29.0
-0.1011 -0.02433 0.48645 198.0 217.0 247.0
-0.09262 -0.02223 0.50922 204.0 204.0 204.0
-0.04085 0.03384 0.57678 46.0 42.0 39.0
-0.09281 -0.01681 0.51076 207.0 207.0 205.0
-0.04297 -0.02548 0.56477 252.0 252.0 252.0
-0.08504 0.02205 0.53654 193.0 192.0 190.0
-0.0421 0.03605 0.57619 255.0 255.0 255.0
-0.03007 -0.06488 0.56676 251.0 251.0 251.0
-0.03894 0.02925 0.57616 182.0 160.0 139.0
-0.10126 -0.02289 0.48449 197.0 217.0 244.0
-0.02868 0.0277 0.57768 216.0 230.0 215.0
-0.00928 0.01705 0.57889 122.0 123.0 105.0
-0.07036 0.0412 0.55547 56.0 47.0 38.0
-0.08573 0.02052 0.53541 189.0 189.0 187.0
-0.0503 0.067 0.57816 51.0 40.0 34.0
-0.07401 0.02603 0.54874 88.0 88.0 78.0
-0.02854 0.01595 0.57569 44.0 51.0 33.0
-0.09742 0.02385 0.52525 202.0 202.0 202.0
-0.04217 -0.03968 0.56294 150.0 164.0 167.0
-0.10088 -0.0084 0.49983 21.0 20.0 25.0
-0.10264 0.04288 0.52912 236.0 235.0 230.0
-0.10281 0.0404 0.52676 83.0 88.0 84.0
-0.05949 0.03486 0.56296 134.0 118.0 103.0
-0.11103 0.03938 0.52091 255.0 254.0 253.0
-0.08859 0.04428 0.5419 63.0 45.0 41.0
-0.05987 0.03447 0.56354 86.0 72.0 61.0
0.15997 0.03718 0.61701 212.0 214.0 192.0
-0.04128 -0.00357 0.56919 32.0 27.0 23.0
-0.10579 0.025 0.51798 197.0 197.0 197.0
0.16049 0.0339 0.61577 31.0 31.0 33.0
-0.10686 -0.01317 0.48444 194.0 214.0 239.0
-0.07212 0.0248 0.55058 199.0 199.0 199.0
-0.10159 0.03008 0.52411 70.0 80.0 71.0
0.02108 0.00702 0.58236 21.0 18.0 11.0
-0.04193 0.03986 0.57645 251.0 252.0 247.0
-0.08548 0.02859 0.53882 188.0 188.0 186.0
-0.03975 0.03283 0.5768 103.0 87.0 71.0
-0.07506 0.04662 0.55404 104.0 101.0 92.0
-0.04598 0.06609 0.58166 38.0 21.0 13.0
-0.03642 0.03188 0.57679 124.0 106.0 92.0
-0.03863 0.03754 0.57842 51.0 41.0 31.0
-0.07191 0.0251 0.55015 202.0 202.0 202.0
0.0048 0.0206 0.58197 62.0 53.0 48.0
-0.04223 0.03942 0.57697 250.0 250.0 250.0
-0.11323 0.07864 0.55964 35.0 38.0 19.0
-0.02433 0.02667 0.5776 86.0 101.0 62.0
-0.10999 0.02701 0.50762 26.0 29.0 36.0
-0.11172 0.05106 0.52752 194.0 165.0 133.0
-0.08643 -0.09072 0.51947 96.0 97.0 101.0
-0.05699 0.01604 0.56057 181.0 178.0 171.0
-0.04438 0.03804 0.57553 57.0 44.0 36.0
-0.0446 0.00947 0.56869 27.0 23.0 20.0
-0.05466 0.01727 0.56208 84.0 80.0 68.0
-0.07149 0.03925 0.55398 196.0 196.0 196.0
-0.09597 0.03975 0.53298 91.0 81.0 71.0
-0.11125 0.05165 0.5266 190.0 161.0 131.0
-0.03331 -0.06349 0.56568 21.0 18.0 13.0
-0.07944 0.03685 0.54385 194.0 194.0 192.0
-0.03162 0.06444 0.58568 189.0 162.0 151.0
-0.10895 0.07761 0.56266 14.0 8.0 0.0
-0.08284 -0.01938 0.52696 41.0 45.0 44.0
-0.04241 0.0424 0.57738 251.0 251.0 251.0
-0.0598 0.05135 0.56246 133.0 96.0 88.0
-0.06021 0.03243 0.56264 101.0 91.0 81.0
-0.04431 0.06488 0.58176 62.0 43.0 39.0
0.07926 0.06392 0.60755 50.0 37.0 28.0
-0.04252 -0.00194 0.56899 252.0 252.0 252.0
-0.0481 0.01926 0.57007 36.0 39.0 32.0
-0.10532 -0.02201 0.4623 45.0 46.0 41.0
-0.04226 0.0466 0.57829 251.0 253.0 252.0
0.07723 0.02045 0.59244 73.0 60.0 52.0
-0.03162 -0.06627 0.56532 42.0 44.0 31.0
-0.03421 0.01402 0.57401 63.0 54.0 47.0
0.0647 0.05961 0.60492 78.0 77.0 75.0
-0.10322 -0.00132 0.49389 208.0 225.0 245.0
-0.04161 -0.04193 0.56219 21.0 21.0 23.0
-0.04242 0.00827 0.57073 252.0 254.0 253.0
-0.10488 -0.00253 0.49671 206.0 223.0 243.0
-0.04528 0.06714 0.58046 87.0 68.0 51.0
-0.04425 0.01331 0.57119 85.0 87.0 84.0
0.0589 -0.02021 0.57594 83.0 83.0 81.0
-0.09696 0.02674 0.52673 201.0 199.0 200.0
0.08985 0.02394 0.59555 114.0 112.0 100.0
-0.04094 0.03761 0.57708 40.0 26.0 17.0
0.03541 -0.02481 0.5725 80.0 87.0 95.0
-0.05643 0.05739 0.55508 115.0 78.0 70.0
-0.03837 0.03595 0.57775 219.0 218.0 214.0
-0.03508 0.01891 0.57456 76.0 66.0 57.0
0.06692 0.05142 0.6037 222.0 223.0 218.0
-0.04356 -0.03575 0.56309 126.0 135.0 132.0
-0.02785 -0.06284 0.5669 25.0 21.0 18.0
-0.0398 0.04248 0.57792 147.0 112.0 106.0
-0.04046 0.06783 0.58411 126.0 110.0 95.0
-0.11362 0.03659 0.5177 27.0 26.0 22.0
-0.03533 -0.06418 0.56578 18.0 18.0 10.0
0.08121 0.06223 0.60741 187.0 154.0 147.0
-0.08922 0.03852 0.53957 92.0 78.0 69.0
0.09504 0.02666 0.5978 44.0 36.0 33.0
-0.11576 0.07382 0.55564 90.0 93.0 64.0
-0.05865 0.01557 0.55937 188.0 187.0 185.0
-0.03912 -0.01802 0.56735 152.0 126.0 103.0
-0.08401 -0.01473 0.5236 83.0 84.0 79.0
0.04771 -0.01082 0.57771 39.0 36.0 31.0
-0.09345 -0.01444 0.51203 29.0 28.0 24.0
-0.04047 -0.02209 0.5665 64.0 55.0 48.0
-0.03616 0.03988 0.57922 44.0 27.0 17.0
-0.06451 0.02288 0.55657 152.0 128.0 104.0
-0.04197 -0.01907 0.56641 76.0 75.0 71.0
-0.04249 0.00575 0.5703 252.0 252.0 252.0
-0.1025 -0.00607 0.49877 32.0 33.0 37.0
-0.10216 -0.00658 0.49884 36.0 36.0 36.0
-0.08705 0.02596 0.53676 29.0 24.0 20.0
-0.10021 -0.01301 0.49412 20.0 20.0 22.0
0.05683 -0.02206 0.57461 62.0 69.0 75.0
-0.09153 -0.01889 0.5095 64.0 61.0 56.0
-0.01407 0.01142 0.57648 37.0 24.0 16.0
-0.10065 -0.01396 0.49529 20.0 20.0 22.0
-0.09377 -0.01327 0.51134 27.0 27.0 25.0
-0.10968 0.02853 0.51583 26.0 27.0 32.0
-0.08757 0.03143 0.53764 58.0 54.0 53.0
-0.04275 -0.01752 0.56633 252.0 252.0 252.0
-0.04636 -0.03363 0.56229 16.0 16.0 16.0
-0.00814 0.01117 0.577 50.0 42.0 39.0
-0.11371 0.03672 0.51756 27.0 26.0 22.0
0.01211 0.00571 0.57874 197.0 198.0 193.0
-0.04695 0.02716 0.57009 45.0 48.0 39.0
0.09507 0.02698 0.59768 52.0 41.0 35.0
-0.04708 0.02689 0.57041 46.0 49.0 40.0
-0.04631 -0.03375 0.56233 16.0 16.0 16.0
-0.05027 0.07138 0.57888 244.0 240.0 237.0
-0.09455 -0.01182 0.51228 23.0 25.0 24.0
-0.04233 -0.07063 0.5637 51.0 56.0 62.0
-0.03965 0.07197 0.585 243.0 242.0 240.0
0.03671 -0.03501 0.58312 14.0 15.0 17.0
-0.09392 -0.01337 0.51157 27.0 27.0 25.0
-0.08493 -0.01509 0.52476 25.0 34.0 39.0
-0.10087 -0.01441 0.49609 21.0 21.0 23.0
-0.04288 -0.02281 0.56535 252.0 252.0 252.0
-0.09918 -0.01298 0.49968 79.0 82.0 89.0
-0.04084 -0.07118 0.56469 78.0 78.0 76.0
0.04884 -0.02952 0.57144 19.0 23.0 24.0
-0.08722 0.02572 0.53713 48.0 41.0 35.0
0.05126 -0.02684 0.5727 11.0 13.0 12.0
-0.09035 -0.02804 0.51326 28.0 24.0 23.0
-0.03743 0.01559 0.57408 188.0 162.0 139.0
-0.06671 0.06849 0.56624 47.0 38.0 31.0
0.01314 -0.00389 0.5754 51.0 41.0 40.0
-0.05634 0.03062 0.56453 216.0 212.0 209.0
-0.08985 -0.0177 0.51722 112.0 92.0 81.0
-0.03694 0.01544 0.57473 185.0 161.0 137.0
-0.08943 -0.02627 0.51395 37.0 33.0 32.0
-0.14358 0.05336 0.51731 169.0 150.0 120.0
0.05674 -0.02228 0.57475 63.0 70.0 76.0
0.00897 -0.00194 0.57565 128.0 105.0 87.0
0.10605 0.0261 0.59928 223.0 224.0 226.0
-0.09274 0.03461 0.53478 112.0 99.0 90.0
-0.02466 -0.06183 0.56802 16.0 13.0 8.0
-0.08453 -0.01167 0.52412 139.0 140.0 134.0
-0.03985 -0.01526 0.56765 84.0 66.0 54.0
-0.07217 0.01879 0.5483 197.0 197.0 197.0
-0.09043 -0.02823 0.51357 27.0 23.0 22.0
-0.05535 -0.01151 0.55557 16.0 16.0 16.0
0.01288 0.00563 0.57911 222.0 224.0 221.0
-0.02447 -0.06168 0.56777 18.0 15.0 8.0
-0.07243 0.02232 0.54977 78.0 79.0 73.0
-0.07066 0.05806 0.56054 96.0 71.0 64.0
-0.0871 0.02663 0.53743 23.0 22.0 20.0
-0.07261 0.01815 0.54922 193.0 193.0 191.0
-0.10885 0.03747 0.5211 140.0 114.0 89.0
0.08254 0.06666 0.60908 244.0 243.0 241.0
-0.05951 0.00334 0.55622 13.0 9.0 8.0
-0.06138 -0.0149 0.56327 25.0 25.0 25.0
-0.10262 0.03073 0.54155 201.0 199.0 200.0
-0.0324 0.02665 0.57689 240.0 239.0 237.0
-0.10998 0.04719 0.52631 31.0 23.0 21.0
-0.01762 -0.04715 0.56949 23.0 21.0 22.0
-0.04054 0.04434 0.57852 76.0 49.0 42.0
0.04052 -0.01776 0.57374 27.0 26.0 24.0
-0.04072 0.00857 0.57172 94.0 85.0 76.0
0.08273 0.06674 0.60895 243.0 242.0 240.0
-0.04191 -0.07173 0.56459 22.0 24.0 21.0
-0.10665 0.0269 0.51756 211.0 207.0 204.0
-0.0731 0.02209 0.54924 78.0 79.0 74.0
-0.06758 -0.00101 0.54764 158.0 129.0 111.0
-0.07995 -0.00937 0.53501 17.0 17.0 17.0
-0.05687 0.01271 0.56007 25.0 21.0 20.0
-0.03636 -0.07351 0.56555 230.0 231.0 226.0
-0.08204 0.04729 0.5483 102.0 102.0 94.0
-0.01566 0.0151 0.57732 210.0 210.0 210.0
-0.15688 0.05181 0.50577 75.0 58.0 40.0
-0.11459 0.05158 0.5262 67.0 54.0 38.0
0.1345 -0.00364 0.57971 127.0 135.0 111.0
-0.0239 0.01271 0.57533 237.0 237.0 237.0
-0.06559 0.01971 0.55436 28.0 27.0 23.0
0.0298 -0.0449 0.56282 20.0 17.0 12.0
-0.06037 -0.0894 0.53142 173.0 170.0 165.0
-0.00397 0.02607 0.58098 237.0 239.0 236.0
-0.08564 -0.0877 0.52144 63.0 61.0 49.0
-0.09988 -0.0256 0.47828 33.0 33.0 31.0
-0.09581 0.03297 0.53084 140.0 127.0 110.0
0.04029 -0.01788 0.57396 27.0 26.0 24.0
0.00659 -0.07243 0.53122 171.0 189.0 229.0
-0.0954 0.03319 0.53039 135.0 123.0 107.0
-0.04769 -0.03853 0.56039 24.0 26.0 25.0
-0.05751 0.02289 0.56224 194.0 192.0 195.0
-0.15648 0.05233 0.50607 75.0 58.0 38.0
0.16511 0.00273 0.60006 12.0 19.0 1.0
-0.07213 0.02754 0.55098 197.0 197.0 199.0
-0.04137 0.06402 0.58287 204.0 193.0 189.0
-0.09024 -0.00375 0.52039 62.0 57.0 53.0
-0.01296 0.01533 0.57768 234.0 233.0 231.0
-0.08563 0.00881 0.53149 137.0 120.0 104.0
-0.03455 0.01006 0.57312 90.0 76.0 67.0
-0.08438 -0.02663 0.52089 32.0 36.0 39.0
-0.07824 -0.08429 0.52191 21.0 17.0 14.0
0.00223 0.02029 0.58076 244.0 244.0 244.0
0.00673 0.01943 0.58142 115.0 90.0 70.0
-0.03237 0.0161 0.575 239.0 239.0 239.0
-0.06304 0.06827 0.56854 53.0 44.0 35.0
-0.09475 0.01267 0.52339 17.0 12.0 8.0
-0.06888 -0.08923 0.55496 183.0 182.0 177.0
-0.09612 -0.01577 0.5012 30.0 34.0 35.0
-0.06534 -0.0505 0.54205 71.0 79.0 82.0
0.15764 -0.00015 0.59296 24.0 27.0 20.0
-0.04691 0.006 0.56898 66.0 55.0 49.0
0.00615 -0.07267 0.53177 192.0 206.0 241.0
-0.06535 -0.01953 0.54677 64.0 71.0 79.0
-0.05499 -0.03343 0.55323 73.0 80.0 88.0
-0.03791 0.03113 0.5768 57.0 50.0 44.0
-0.03997 0.00011 0.57066 92.0 79.0 70.0
-0.04147 0.06375 0.58313 139.0 115.0 105.0
-0.0871 0.01919 0.53433 27.0 22.0 16.0
0.09147 0.05485 0.61307 97.0 91.0 75.0
-0.04042 -0.03322 0.56408 29.0 29.0 29.0
-0.06031 0.02692 0.5614 100.0 82.0 68.0
-0.08955 -0.02548 0.51601 18.0 16.0 17.0
-0.0717 0.02738 0.5509 202.0 202.0 202.0
0.07632 0.00364 0.58653 102.0 84.0 72.0
-0.08056 0.0266 0.53871 204.0 206.0 203.0
-0.0882 -0.0166 0.51967 183.0 185.0 182.0
0.00385 -0.08027 0.52689 171.0 192.0 237.0
-0.03386 0.05877 0.58411 163.0 116.0 108.0
0.00941 -0.07144 0.5308 175.0 196.0 239.0
-0.07754 0.02458 0.54609 155.0 157.0 156.0
-0.10383 0.03356 0.52217 111.0 111.0 103.0
-0.07219 -0.0289 0.53548 26.0 27.0 22.0
-0.08685 0.05248 0.54931 190.0 189.0 187.0
-0.08194 -0.03316 0.52566 28.0 35.0 41.0
0.08175 0.06648 0.60957 242.0 241.0 239.0
-0.03292 0.05936 0.58391 156.0 112.0 103.0
0.07141 0.00601 0.58582 233.0 226.0 218.0
-0.10052 0.00238 0.49845 74.0 65.0 60.0
0.00301 0.02352 0.5821 238.0 238.0 238.0
-0.10345 0.05078 0.53208 105.0 68.0 60.0
-0.11042 0.04907 0.5271 45.0 35.0 25.0
-0.03941 0.03925 0.57928 179.0 196.0 118.0
-0.03435 0.01001 0.57301 68.0 55.0 47.0
-0.07947 -0.02666 0.52989 31.0 33.0 30.0
-0.10009 -0.02481 0.47658 33.0 33.0 31.0
-0.10676 0.03112 0.51986 192.0 190.0 191.0
-0.08654 0.0338 0.53973 202.0 201.0 199.0
-0.05427 0.02811 0.56433 229.0 228.0 224.0
-0.0854 0.0517 0.54559 196.0 191.0 188.0
-0.14324 0.05318 0.51762 170.0 159.0 103.0
0.04467 -0.02451 0.57287 52.0 57.0 61.0
-0.08603 0.01764 0.53432 103.0 89.0 76.0
-0.05776 0.03188 0.56349 213.0 212.0 210.0
0.07318 0.00514 0.5863 227.0 199.0 177.0
-0.07142 -0.0197 0.53756 30.0 31.0 35.0
-0.03445 -0.03462 0.5659 19.0 19.0 19.0
-0.03658 0.01311 0.57289 125.0 103.0 82.0
-0.04852 -0.04293 0.55766 24.0 26.0 25.0
-0.1044 0.0088 0.50777 81.0 70.0 64.0
-0.07184 -0.01987 0.53809 28.0 29.0 33.0
-0.08649 -0.03807 0.51642 64.0 69.0 75.0
-0.10615 0.03386 0.52249 238.0 238.0 236.0
-0.06514 -0.034 0.54446 81.0 86.0 90.0
0.08177 0.06578 0.60857 222.0 222.0 214.0
0.04512 -0.02458 0.57218 61.0 66.0 70.0
-0.08362 -0.00196 0.53079 16.0 12.0 11.0
-0.04469 0.00401 0.56343 91.0 84.0 76.0
-0.10795 0.03046 0.51775 29.0 12.0 2.0
-0.01633 0.019 0.57689 239.0 239.0 239.0
-0.03795 -0.00783 0.5695 82.0 65.0 57.0
0.00714 -0.07292 0.53128 176.0 195.0 237.0
-0.06886 0.00048 0.54681 13.0 9.0 6.0
-0.06624 0.01324 0.55292 106.0 93.0 84.0
-0.05268 0.00417 0.56183 18.0 17.0 15.0
-0.04636 -0.05565 0.55715 66.0 68.0 65.0
-0.06792 0.0024 0.54875 8.0 4.0 3.0
-0.08973 0.0353 0.53813 31.0 22.0 15.0
-0.07525 0.02818 0.54797 185.0 185.0 185.0
0.02987 -0.00469 0.57738 50.0 21.0 5.0
-0.02191 0.01242 0.57551 241.0 241.0 241.0
-0.12162 0.07795 0.55264 58.0 50.0 3.0
-0.05374 0.00029 0.56111 27.0 26.0 24.0
-0.06514 -0.03385 0.54435 82.0 87.0 91.0
-0.0346 -0.0031 0.57052 32.0 16.0 3.0
-0.0437 -0.0527 0.55912 18.0 18.0 18.0
-0.07347 -0.06578 0.53047 63.0 68.0 71.0
-0.10667 0.03186 0.52019 195.0 193.0 194.0
-0.05458 -0.05276 0.54954 71.0 76.0 79.0
0.01834 -0.00201 0.57836 251.0 217.0 192.0
0.00153 0.01094 0.57812 27.0 22.0 19.0
-0.10044 -0.05203 0.48827 152.0 151.0 156.0
-0.07146 -0.03992 0.53939 27.0 31.0 34.0
-0.03722 0.01106 0.57314 98.0 79.0 65.0
-0.05358 -0.05241 0.55068 72.0 78.0 76.0
-0.08851 -0.00247 0.52435 10.0 3.0 0.0
-0.10818 0.03918 0.52311 195.0 195.0 193.0
-0.09219 0.01209 0.52508 10.0 6.0 3.0
-0.02419 -0.02387 0.56768 56.0 42.0 39.0
0.06081 0.01801 0.58899 59.0 51.0 38.0
-0.03822 0.01114 0.5719 76.0 65.0 59.0
-0.0744 0.04167 0.55137 198.0 198.0 196.0
-0.09478 0.02646 0.52924 86.0 73.0 64.0
-0.06412 -0.01903 0.54855 87.0 85.0 73.0
0.03023 -0.01586 0.57358 72.0 58.0 49.0
-0.07872 0.02689 0.54475 85.0 82.0 75.0
-0.04148 0.06068 0.58202 164.0 150.0 147.0
-0.04721 -0.07719 0.56586 170.0 165.0 161.0
-0.11232 0.04778 0.525 86.0 80.0 82.0
-0.03232 0.02136 0.5758 238.0 236.0 237.0
-0.07179 -0.04095 0.54057 26.0 30.0 31.0
0.00748 -0.07281 0.53089 176.0 195.0 238.0
-0.08406 -0.02856 0.52134 24.0 28.0 31.0
-0.10903 0.03937 0.52197 124.0 103.0 84.0
-0.03245 0.01893 0.57548 255.0 255.0 253.0
-0.02367 -0.01285 0.56958 64.0 53.0 47.0
-0.07592 0.04858 0.554 195.0 194.0 192.0
0.00713 0.01106 0.57968 44.0 36.0 33.0
-0.01568 0.02007 0.57817 235.0 235.0 237.0
-0.10595 0.00657 0.5038 183.0 180.0 175.0
-0.07647 0.04026 0.55274 199.0 199.0 197.0
-0.06838 0.02704 0.55413 13.0 5.0 2.0
-0.03039 0.05809 0.58434 41.0 26.0 21.0
-0.04337 -0.0111 0.56705 255.0 254.0 255.0
-0.11076 0.07732 0.56128 105.0 93.0 51.0
-0.09997 -0.01099 0.49854 135.0 136.0 131.0
0.05696 0.0213 0.58878 53.0 54.0 46.0
-0.09482 -0.0279 0.50177 30.0 35.0 31.0
-0.03744 0.00637 0.57202 69.0 56.0 48.0
-0.0654 -0.09001 0.5278 191.0 183.0 180.0
-0.05754 0.02191 0.56121 191.0 191.0 191.0
-0.07271 -0.04173 0.53312 25.0 25.0 23.0
-0.0834 0.0184 0.53575 42.0 37.0 31.0
-0.09612 -0.05917 0.50247 43.0 42.0 37.0
-0.01025 0.00232 0.57464 68.0 59.0 54.0
-0.1191 0.04926 0.52165 77.0 63.0 50.0
-0.03415 0.05842 0.58453 165.0 122.0 113.0
-0.05764 0.02669 0.56241 201.0 201.0 201.0
-0.06849 0.02851 0.5533 138.0 124.0 113.0
-0.05786 0.07073 0.57668 242.0 242.0 240.0
0.16205 0.00588 0.59977 32.0 39.0 21.0
-0.06272 0.03661 0.56123 39.0 35.0 32.0
-0.03597 -0.00618 0.57012 54.0 41.0 32.0
-0.0838 -0.03576 0.51842 30.0 30.0 32.0
-0.09558 -0.02755 0.49934 28.0 33.0 29.0
0.05884 -0.00396 0.58149 54.0 46.0 44.0
0.10638 0.00909 0.59328 50.0 39.0 33.0
-0.03808 0.04544 0.5797 153.0 95.0 84.0
-0.03218 0.05298 0.58248 43.0 24.0 18.0
-0.08281 0.01704 0.53629 88.0 79.0 72.0
-0.04693 0.01486 0.56885 93.0 86.0 67.0
-0.08604 -0.02335 0.51951 79.0 82.0 87.0
-0.08824 -0.01661 0.51972 183.0 185.0 182.0
-0.04603 0.00435 0.57139 29.0 29.0 27.0
-0.04919 -0.04365 0.55878 24.0 26.0 25.0
-0.0396 -0.06593 0.56602 21.0 20.0 15.0
-0.09647 -0.04069 0.4679 188.0 187.0 192.0
-0.04766 0.07138 0.5992 226.0 213.0 194.0
-0.03007 0.06137 0.58588 38.0 23.0 20.0
-0.04512 -0.0573 0.55699 63.0 65.0 60.0
-0.02876 0.06126 0.58574 43.0 32.0 28.0
-0.09327 0.01528 0.48141 115.0 101.0 90.0
-0.04209 -0.01136 0.56762 124.0 125.0 127.0
-0.06023 0.07107 0.57289 243.0 243.0 243.0
-0.00286 -0.01075 0.57194 63.0 50.0 44.0
-0.07133 -0.02757 0.53651 24.0 29.0 25.0
-0.06722 -0.0301 0.54342 27.0 27.0 29.0
-0.06419 0.0034 0.55129 90.0 77.0 69.0
-0.09636 -0.00338 0.50978 150.0 131.0 114.0
-0.08527 -0.02452 0.52015 124.0 134.0 136.0
-0.09782 -0.0132 0.5017 94.0 103.0 112.0
-0.04983 -0.04969 0.55174 27.0 27.0 25.0
-0.0782 -0.09508 0.52148 166.0 186.0 236.0
0.00206 -0.07385 0.52883 173.0 194.0 239.0
-0.04223 -0.0592 0.46941 55.0 60.0 64.0
-0.03146 0.028 0.57735 238.0 236.0 237.0
-0.04565 -0.06358 0.47449 70.0 79.0 88.0
0.00224 -0.07363 0.52858 173.0 194.0 239.0
0.02428 0.00681 0.58593 23.0 18.0 12.0
0.09564 0.051 0.61403 89.0 87.0 64.0
0.00904 -0.08366 0.52871 151.0 178.0 173.0
-0.07983 -0.07576 0.51883 54.0 57.0 50.0
-0.06896 -0.01399 0.54279 22.0 20.0 21.0
0.01434 -0.01247 0.57348 62.0 54.0 51.0
0.00857 -0.08353 0.5281 154.0 181.0 174.0
-0.0822 -0.00656 0.53128 11.0 7.0 4.0
-0.04999 0.00358 0.56334 13.0 8.0 4.0
-0.07676 0.04986 0.55392 198.0 197.0 195.0
0.06759 0.00156 0.58424 133.0 87.0 64.0
0.04692 -0.01885 0.57513 22.0 20.0 21.0
-0.10512 0.04361 0.52646 250.0 249.0 247.0
-0.01628 0.01767 0.5768 244.0 243.0 241.0
-0.07145 -0.04607 0.53375 71.0 76.0 80.0
0.00572 -0.0211 0.56949 74.0 60.0 51.0
-0.07401 -0.01257 0.53941 24.0 23.0 21.0
0.03535 -0.00442 0.57803 77.0 58.0 44.0
-0.09648 -0.02904 0.49253 68.0 72.0 75.0
-0.08986 0.05908 0.54718 116.0 81.0 75.0
0.04262 -0.01332 0.57585 48.0 38.0 36.0
-0.02496 0.06321 0.58721 64.0 55.0 50.0
-0.07155 -0.00136 0.54418 75.0 68.0 62.0
0.09994 -0.00987 0.58568 86.0 89.0 78.0
0.01696 0.01572 0.582 24.0 23.0 21.0
-0.10575 0.03563 0.51679 188.0 192.0 193.0
-0.06455 -0.02394 0.54656 79.0 84.0 87.0
-0.10715 0.02942 0.51659 203.0 170.0 135.0
-0.099 -0.02212 0.4895 24.0 25.0 27.0
-0.08451 0.01247 0.53407 96.0 87.0 82.0
-0.05049 -0.03399 0.55506 63.0 70.0 78.0
-0.04438 0.03459 0.57518 98.0 98.0 90.0
-0.0292 -0.08092 0.52091 170.0 191.0 236.0
-0.03323 0.04886 0.5816 52.0 33.0 27.0
-0.10813 -0.04331 0.48394 181.0 204.0 238.0
0.01856 0.01131 0.58151 101.0 98.0 89.0
0.00753 -0.07841 0.52932 173.0 191.0 237.0
0.05875 -0.02324 0.57485 103.0 112.0 119.0
-0.06207 0.01212 0.55569 120.0 106.0 95.0
0.06783 -0.00291 0.58323 76.0 62.0 53.0
-0.08511 -0.02149 0.52036 88.0 96.0 99.0
-0.07702 -0.08527 0.52746 1.0 1.0 0.0
-0.08355 0.01626 0.5362 34.0 30.0 27.0
-0.09742 0.01839 0.5222 77.0 68.0 59.0
0.05072 0.00045 0.58259 138.0 92.0 66.0
-0.07039 -0.01058 0.54329 24.0 24.0 24.0
-0.10127 0.04483 0.53327 54.0 37.0 27.0
-0.12064 -0.00056 0.49656 205.0 224.0 241.0
-0.10041 -0.02414 0.4935 21.0 21.0 23.0
-0.06216 -0.02182 0.54781 25.0 23.0 24.0
-0.08003 -0.00424 0.53437 100.0 83.0 73.0
0.0238 -0.02259 0.56872 25.0 25.0 25.0
0.0236 -0.01781 0.57121 79.0 64.0 57.0
-0.10065 -0.02313 0.46859 51.0 53.0 50.0
0.01346 0.00894 0.58004 133.0 134.0 116.0
-0.10529 -0.02281 0.45102 188.0 206.0 242.0
-0.07775 -0.01253 0.53379 44.0 41.0 34.0
-0.07344 -0.02756 0.53476 88.0 96.0 99.0
-0.04937 -0.00472 0.56315 22.0 21.0 19.0
-0.04439 0.00675 0.56833 32.0 30.0 31.0
0.05981 0.00191 0.58227 136.0 90.0 64.0
0.02705 -3e-05 0.58158 228.0 223.0 217.0
-0.06411 0.03697 0.55932 44.0 43.0 41.0
-0.00345 0.01447 0.57806 237.0 237.0 237.0
-0.07963 -0.02066 0.53164 29.0 33.0 34.0
-0.08435 -0.01746 0.52029 99.0 112.0 118.0
-0.06806 0.02237 0.55273 38.0 34.0 33.0
-0.03768 -0.00823 0.56303 106.0 89.0 81.0
0.05851 -0.02419 0.57445 103.0 112.0 119.0
-0.04309 -0.05473 0.55886 18.0 17.0 15.0
-0.03716 -0.06874 0.56637 127.0 133.0 129.0
-0.14241 0.04968 0.5089 120.0 107.0 98.0
-0.07237 0.02895 0.55033 197.0 197.0 197.0
-0.10841 0.00234 0.48583 204.0 222.0 244.0
0.00218 -0.00896 0.57278 78.0 65.0 56.0
0.06366 0.00166 0.58425 142.0 96.0 72.0
0.07778 0.00055 0.58621 115.0 97.0 85.0
-0.03806 -0.084 0.52284 168.0 189.0 236.0
-0.05752 -0.05905 0.54503 15.0 15.0 13.0
0.04659 -0.01896 0.57543 24.0 23.0 21.0
0.0058 -0.08334 0.52695 144.0 163.0 159.0
0.04657 -0.0203 0.57969 24.0 22.0 23.0
-0.07341 -0.02028 0.53718 87.0 95.0 106.0
0.05446 -0.03803 0.56813 73.0 74.0 60.0
0.06095 -0.023 0.57562 18.0 17.0 22.0
0.0534 -0.00602 0.58072 38.0 28.0 26.0
0.02198 -0.00019 0.58031 237.0 236.0 234.0
-0.08963 0.05267 0.54481 104.0 70.0 61.0
-0.07482 -0.04334 0.53172 57.0 59.0 54.0
-0.04411 -0.0058 0.56766 28.0 24.0 23.0
0.01913 0.01259 0.58191 93.0 91.0 79.0
-0.05873 -0.00025 0.55418 51.0 43.0 41.0
-0.08511 -0.02209 0.52041 81.0 86.0 89.0
0.02183 0.0131 0.58408 98.0 92.0 76.0
0.10773 -0.01436 0.58806 17.0 17.0 17.0
-0.0426 -0.08788 0.55599 114.0 109.0 105.0
0.01693 -0.0013 0.57743 252.0 224.0 203.0
-0.09099 -0.01513 0.51452 44.0 37.0 31.0
0.00887 -0.08456 0.52823 176.0 193.0 187.0
-0.0486 0.01214 0.56679 85.0 85.0 77.0
-0.07475 -0.0283 0.52941 75.0 83.0 86.0
0.07162 -0.05862 0.54878 181.0 200.0 240.0
-0.09221 -0.0325 0.50596 74.0 77.0 82.0
-0.10327 -0.01213 0.49404 202.0 220.0 244.0
-0.08454 -0.08945 0.52331 29.0 29.0 19.0
0.06821 0.01601 0.58889 106.0 88.0 68.0
-0.04665 -0.01168 0.5642 33.0 25.0 22.0
-0.08475 -0.05643 0.51204 20.0 20.0 22.0
-0.09702 0.00739 0.51481 115.0 102.0 93.0
-0.08603 -0.03285 0.51792 83.0 88.0 92.0
-0.04038 -0.02663 0.56574 62.0 51.0 45.0
-0.04465 -0.02094 0.5646 24.0 22.0 25.0
0.05795 -0.0005 0.58226 190.0 146.0 121.0
-0.06805 0.01787 0.55148 198.0 198.0 196.0
-0.05275 0.0175 0.56214 122.0 120.0 97.0
-0.07358 -0.02674 0.53466 72.0 77.0 80.0
-0.06305 -0.03618 0.54555 21.0 19.0 20.0
-0.03799 0.0006 0.57083 84.0 65.0 58.0
0.02864 -0.02168 0.56995 20.0 18.0 19.0
-0.12358 -0.00082 0.49627 205.0 222.0 240.0
-0.1238 -0.00107 0.49678 204.0 221.0 239.0
-0.08887 0.05126 0.54511 104.0 70.0 61.0
-0.06849 -0.04949 0.54068 66.0 71.0 75.0
0.06521 0.00219 0.5846 138.0 91.0 65.0
0.09295 0.03679 0.59977 159.0 167.0 128.0
-0.10098 -0.00274 0.5011 114.0 92.0 81.0
-0.05044 0.01069 0.56355 73.0 66.0 58.0
-0.11362 0.07575 0.55967 115.0 137.0 72.0
-0.07311 -0.01312 0.53813 26.0 26.0 26.0
0.07573 -0.01196 0.58106 22.0 16.0 18.0
0.00703 -0.08398 0.52704 186.0 207.0 202.0
0.01082 -0.08388 0.5294 161.0 180.0 176.0
-0.09572 -0.01002 0.50885 17.0 17.0 17.0
-0.07342 -0.0696 0.52969 44.0 46.0 43.0
-0.06114 0.00674 0.55715 94.0 85.0 76.0
-0.07947 0.04653 0.55099 96.0 89.0 79.0
-0.04548 -0.02458 0.56377 17.0 17.0 19.0
-0.04787 0.04417 0.57601 89.0 56.0 47.0
0.01153 -0.0698 0.53408 64.0 68.0 79.0
-0.09731 0.02048 0.52424 117.0 99.0 85.0
-0.06354 0.01668 0.547 154.0 147.0 137.0
-0.10535 -0.02129 0.47743 194.0 213.0 243.0
-0.07833 -0.02851 0.53054 76.0 81.0 85.0
0.03446 -0.01823 0.57292 17.0 15.0 16.0
-0.06485 -0.04805 0.54303 75.0 82.0 88.0
-0.07693 -0.02807 0.53067 73.0 78.0 81.0
0.01047 0.01703 0.58119 90.0 68.0 54.0
0.01502 0.0171 0.58208 64.0 54.0 52.0
0.06044 -0.02727 0.57409 18.0 18.0 20.0
-0.0368 -0.06847 0.56588 99.0 101.0 88.0
-0.02943 0.00505 0.57315 99.0 83.0 68.0
-0.06016 -0.00179 0.55411 37.0 32.0 29.0
-0.09565 -0.03544 0.48421 23.0 23.0 21.0
-0.11121 -0.00029 0.4878 203.0 221.0 243.0
-0.0574 -0.0335 0.55082 16.0 16.0 18.0
0.00872 -0.07786 0.52998 173.0 192.0 225.0
0.02006 0.012 0.58218 96.0 93.0 78.0
0.06315 0.01488 0.59033 89.0 68.0 47.0
0.05888 -0.02457 0.57425 100.0 107.0 113.0
-0.10337 -0.02486 0.45333 217.0 241.0 255.0
-0.04256 0.05772 0.58172 253.0 253.0 255.0
-0.06903 0.0167 0.55088 214.0 215.0 217.0
0.06162 -0.02253 0.57496 16.0 16.0 18.0
0.0452 -0.01988 0.57466 25.0 24.0 22.0
-0.04445 0.06044 0.57905 62.0 43.0 37.0
0.03697 -0.02125 0.57351 20.0 20.0 22.0
-0.12417 -0.00084 0.49649 204.0 221.0 241.0
0.0406 -0.02355 0.57147 107.0 114.0 120.0
-0.03489 -0.0138 0.5688 30.0 23.0 17.0
-0.05818 -0.03405 0.55198 15.0 15.0 17.0
-0.04544 0.05841 0.58133 102.0 73.0 67.0
-0.04604 0.05388 0.57124 131.0 93.0 84.0
-0.05145 -0.04856 0.55162 85.0 91.0 81.0
-0.09254 -0.05561 0.50007 74.0 71.0 62.0
0.07547 -0.00871 0.58269 52.0 41.0 39.0
-0.04535 -0.01977 0.56519 22.0 22.0 24.0
-0.06482 -0.02828 0.54546 80.0 85.0 89.0
-0.06613 0.01418 0.55428 36.0 33.0 28.0
-0.05751 -0.03471 0.55226 16.0 16.0 18.0
-0.07324 -0.0708 0.52919 71.0 73.0 72.0
-0.1075 0.04687 0.5272 58.0 45.0 37.0
0.17177 0.01468 0.60791 17.0 23.0 11.0
-0.05291 0.01275 0.56261 72.0 70.0 58.0
-0.06801 -0.0476 0.5409 61.0 59.0 47.0
-0.0936 0.07744 0.57062 188.0 184.0 172.0
-0.09117 -0.03376 0.50939 17.0 15.0 18.0
-0.10214 -0.0301 0.45544 186.0 206.0 243.0
-0.0635 -0.04977 0.54302 17.0 17.0 17.0
0.09429 0.02899 0.57884 50.0 34.0 34.0
0.0075 -0.08335 0.52784 164.0 189.0 185.0
-0.08758 0.00305 0.55039 84.0 75.0 66.0
-0.07326 -0.06839 0.52978 73.0 77.0 76.0
-0.07449 -0.04874 0.53288 17.0 15.0 18.0
0.05171 -0.01896 0.57621 24.0 22.0 23.0
-0.06921 0.01193 0.54744 149.0 131.0 117.0
-0.07417 -0.02589 0.53528 67.0 72.0 76.0
0.14643 0.03593 0.59014 61.0 64.0 73.0
-0.0405 -0.06504 0.56592 27.0 24.0 19.0
-0.06231 -0.02709 0.5472 23.0 21.0 22.0
-0.03907 -0.05284 0.56148 109.0 115.0 103.0
-0.10767 0.04923 0.52874 111.0 82.0 74.0
0.07634 -0.05511 0.55105 205.0 220.0 251.0
0.08881 0.01233 0.59206 235.0 217.0 205.0
-0.09037 -0.00488 0.49675 124.0 108.0 95.0
-0.06637 -0.01771 0.54539 66.0 66.0 54.0
-0.05366 0.0131 0.56113 87.0 83.0 71.0
-0.00892 -0.02058 0.56852 78.0 69.0 64.0
-0.04014 -0.0376 0.56401 17.0 15.0 16.0
-0.09736 -0.02513 0.49645 78.0 79.0 83.0
0.04812 0.00178 0.58286 232.0 205.0 184.0
-0.05402 0.02039 0.56288 87.0 86.0 81.0
-0.10456 -0.02089 0.46825 195.0 214.0 246.0
-0.05533 -0.01921 0.55579 37.0 33.0 30.0
-0.09946 0.04499 0.53285 62.0 45.0 37.0
-0.00599 0.02226 0.5579 102.0 102.0 78.0
-0.02118 -0.08159 0.52505 169.0 190.0 235.0
-0.10068 -0.02612 0.50303 69.0 74.0 78.0
-0.03755 0.0477 0.58021 143.0 83.0 72.0
-0.10851 0.03305 0.5198 174.0 148.0 121.0
0.08444 0.01489 0.59441 218.0 223.0 229.0
-0.10948 -0.00174 0.48931 203.0 221.0 243.0
-0.03891 0.05993 0.58344 167.0 124.0 115.0
-0.08238 0.00859 0.53634 93.0 83.0 73.0
0.00567 -0.01801 0.57047 61.0 51.0 49.0
-0.04671 -0.00976 0.56278 23.0 19.0 18.0
-0.06366 0.01392 0.55525 40.0 35.0 31.0
-0.07388 -0.02535 0.53451 77.0 82.0 86.0
-0.00435 -0.05335 0.56125 15.0 12.0 7.0
-0.0517 -0.04771 0.55173 69.0 70.0 65.0
-0.09508 -0.0302 0.49739 77.0 79.0 78.0
-0.08713 -0.0206 0.52083 176.0 184.0 187.0
-0.08569 -0.04224 0.51691 11.0 9.0 14.0
-0.04599 -0.08985 0.56059 206.0 203.0 198.0
-0.03278 -0.02933 0.56539 28.0 22.0 22.0
-0.06805 0.0522 0.56033 105.0 68.0 59.0
-0.0283 -0.02934 0.56598 24.0 22.0 23.0
0.028 0.00617 0.58818 91.0 64.0 47.0
0.02261 -0.04678 0.56479 22.0 19.0 14.0
-0.04785 -0.07603 0.55961 150.0 146.0 143.0
-0.07645 0.06188 0.55796 199.0 196.0 191.0
-0.0959 -0.07459 0.51088 215.0 213.0 218.0
-0.11387 0.02909 0.50984 23.0 26.0 33.0
0.03659 -0.02082 0.57387 21.0 19.0 22.0
-0.05019 -0.00482 0.56122 23.0 21.0 22.0
-0.10275 -0.02337 0.46739 49.0 49.0 47.0
-0.0472 0.05093 0.57438 114.0 77.0 69.0
-0.07698 0.04325 0.5487 198.0 197.0 195.0
-0.06699 0.00383 0.54871 109.0 91.0 79.0
-0.05155 0.04755 0.57819 118.0 79.0 72.0
-0.09938 -0.07061 0.50497 179.0 198.0 240.0
0.02575 -0.0017 0.5828 236.0 209.0 188.0
0.01643 -0.00168 0.57945 197.0 166.0 146.0
0.06627 -0.00258 0.58198 81.0 68.0 60.0
-0.03599 0.02149 0.57447 99.0 79.0 68.0
-0.10084 0.04807 0.5336 60.0 41.0 35.0
0.05772 0.01424 0.5912 105.0 85.0 60.0
0.07283 0.01374 0.58845 219.0 223.0 226.0
0.01835 -0.07646 0.53215 170.0 191.0 236.0
-0.08271 -0.04493 0.53091 70.0 77.0 83.0
-0.06633 -0.00953 0.547 10.0 10.0 10.0
-0.0522 -0.05374 0.55094 71.0 75.0 74.0
0.04435 -0.00107 0.58013 143.0 96.0 70.0
0.03268 -0.00334 0.57733 147.0 106.0 84.0
-0.06333 0.06518 0.56784 106.0 75.0 70.0
-0.07605 0.02147 0.54079 205.0 204.0 202.0
0.03659 -0.0207 0.57383 21.0 19.0 20.0
-0.11099 0.00586 0.48921 166.0 163.0 158.0
-0.08114 0.02588 0.54152 125.0 127.0 126.0
-0.09638 -0.05486 0.49869 72.0 70.0 58.0
-0.03439 -0.05653 0.55981 49.0 48.0 44.0
-0.11257 0.0038 0.49324 169.0 168.0 163.0
0.0801 -0.03686 0.57848 20.0 19.0 15.0
-0.09553 -0.02924 0.49553 87.0 87.0 75.0
0.05372 -0.00178 0.58082 44.0 17.0 0.0
-0.10758 -0.04388 0.48311 181.0 201.0 238.0
-0.08943 -0.06022 0.49491 64.0 62.0 50.0
-0.06004 -0.04571 0.547 17.0 17.0 19.0
-0.0161 -0.03177 0.58813 20.0 18.0 21.0
0.06861 -0.03732 0.5733 19.0 16.0 11.0
-0.05414 -0.04603 0.55121 62.0 67.0 70.0
-0.09226 -0.02849 0.50824 76.0 84.0 87.0
-0.07493 -0.05059 0.52915 16.0 14.0 15.0
0.01288 -0.08227 0.53182 168.0 189.0 234.0
-0.04682 -0.02556 0.56406 19.0 19.0 21.0
0.03251 -0.0684 0.53606 173.0 194.0 237.0
-0.07945 -0.06953 0.51901 62.0 68.0 68.0
-0.06892 -0.03427 0.54302 22.0 23.0 25.0
-0.04163 -0.0065 0.56544 251.0 253.0 252.0
-0.07455 -0.04097 0.53211 61.0 65.0 64.0
-0.04806 -0.02701 0.56294 21.0 21.0 23.0
-0.05096 0.04865 0.57695 108.0 69.0 62.0
-0.04516 0.02227 0.57002 80.0 79.0 75.0
-0.04919 0.04997 0.57617 108.0 70.0 59.0
-0.07992 -0.07064 0.52034 62.0 66.0 67.0
-0.06965 -0.03457 0.54398 36.0 36.0 36.0
0.01543 -0.02192 0.57152 17.0 17.0 17.0
-0.02208 -0.06585 0.57048 115.0 124.0 121.0
0.05644 -0.03705 0.56969 53.0 51.0 39.0
0.06963 -0.05976 0.54848 179.0 198.0 238.0
-0.11847 -0.00598 0.50001 201.0 219.0 241.0
-0.03642 -0.05661 0.56198 51.0 52.0 46.0
-0.08123 0.04996 0.54984 195.0 194.0 192.0
0.06391 -0.02719 0.57675 20.0 22.0 21.0
-0.0486 0.05106 0.57494 124.0 85.0 78.0
-0.1187 0.0506 0.52352 89.0 73.0 50.0
0.0534 -0.00262 0.58114 147.0 111.0 87.0
-0.06184 -0.01828 0.54949 17.0 17.0 17.0
-0.11024 0.00609 0.49198 155.0 154.0 150.0
-0.07645 -0.06841 0.52969 67.0 73.0 73.0
0.04347 -0.06264 0.5237 178.0 197.0 239.0
0.08309 0.00845 0.59702 248.0 237.0 231.0
0.04862 -0.05992 0.51788 177.0 196.0 238.0
-0.05216 0.07204 0.59583 215.0 199.0 174.0
-0.08709 0.00357 0.5322 48.0 41.0 33.0
-0.0747 -0.02888 0.53401 65.0 69.0 72.0
0.00248 -0.07907 0.5266 170.0 191.0 236.0
0.02098 0.02248 0.58443 104.0 101.0 94.0
0.01362 0.01953 0.58204 82.0 67.0 60.0
0.06763 -0.04335 0.59201 20.0 17.0 12.0
-0.07426 -0.0397 0.53252 58.0 62.0 63.0
-0.10782 -0.04457 0.48429 181.0 201.0 238.0
-0.07579 -0.0682 0.52872 65.0 67.0 66.0
-0.07704 -0.01127 0.53645 29.0 27.0 28.0
-0.0754 -0.03693 0.53299 66.0 71.0 75.0
-0.05877 -0.04335 0.54761 14.0 12.0 15.0
0.05863 0.05864 0.60177 141.0 139.0 142.0
-0.04764 0.05079 0.57471 110.0 76.0 67.0
-0.0645 0.05114 0.51703 58.0 45.0 37.0
-0.07596 0.019 0.54515 193.0 193.0 193.0
0.03519 -0.06698 0.53304 174.0 196.0 237.0
-0.03514 -0.05656 0.56061 40.0 39.0 34.0
-0.06832 -0.05367 0.5419 10.0 10.0 12.0
0.07691 -0.05476 0.55049 183.0 202.0 242.0
-0.07541 -0.05108 0.53009 19.0 17.0 18.0
-0.06006 -0.03277 0.54976 18.0 18.0 18.0
-0.07589 0.00266 0.53989 7.0 0.0 0.0
0.08118 -7e-05 0.58587 125.0 109.0 94.0
-0.06637 -0.05387 0.54094 16.0 16.0 16.0
-0.08298 0.05008 0.54821 201.0 200.0 198.0
-0.09694 -0.03044 0.47659 59.0 58.0 53.0
0.03249 -0.01833 0.57391 43.0 38.0 42.0
0.02635 0.00398 0.58409 151.0 120.0 102.0
-0.07852 0.0206 0.54236 195.0 195.0 193.0
0.06287 -0.02595 0.57539 23.0 23.0 23.0
-0.041 -0.05684 0.56684 37.0 37.0 35.0
-0.03714 -0.05664 0.56274 45.0 46.0 41.0
-0.02382 -0.06083 0.56801 22.0 21.0 16.0
-0.09629 -0.03259 0.49219 21.0 21.0 23.0
-0.03952 0.06075 0.58327 161.0 113.0 103.0
-0.01824 -0.02871 0.5681 20.0 20.0 20.0
0.06239 -0.04454 0.56854 146.0 157.0 161.0
-0.06576 -0.04372 0.54545 78.0 83.0 89.0
-0.04668 0.06459 0.57993 107.0 74.0 69.0
0.07152 0.02766 0.59849 68.0 65.0 50.0
-0.09792 -0.02907 0.47712 45.0 46.0 40.0
-0.10528 0.03074 0.51998 163.0 173.0 174.0
0.06681 -0.01423 0.57948 17.0 17.0 19.0
-0.06523 -0.04277 0.54419 79.0 84.0 90.0
-0.00906 -0.02064 0.56867 86.0 77.0 72.0
0.0729 0.01303 0.59074 218.0 222.0 225.0
-0.05878 -0.00384 0.55605 16.0 16.0 16.0
0.03265 -0.0418 0.56566 19.0 18.0 14.0
-0.05826 -0.00317 0.55506 21.0 19.0 20.0
-0.09386 0.04905 0.53967 111.0 74.0 65.0
-0.11812 0.05079 0.52313 96.0 78.0 54.0
-0.07486 -0.03877 0.5331 68.0 72.0 75.0
0.06132 0.00719 0.58128 222.0 224.0 223.0
-0.05643 0.01908 0.56411 255.0 255.0 253.0
-0.03798 -0.05669 0.56364 37.0 37.0 35.0
-0.06631 0.04213 0.55939 49.0 36.0 28.0
-0.07576 -0.04554 0.53098 73.0 80.0 86.0
-0.0488 -0.07474 0.54647 183.0 184.0 179.0
0.02856 -0.00163 0.57715 153.0 106.0 78.0
0.14401 0.02539 0.59341 14.0 12.0 13.0
-0.02499 -0.07985 0.55675 211.0 208.0 203.0
-0.0508 -0.05219 0.55227 66.0 67.0 51.0
-0.08423 -0.03858 0.51896 88.0 90.0 85.0
-0.09629 -0.03329 0.49261 17.0 17.0 19.0
-0.06511 -0.04229 0.5437 77.0 82.0 88.0
-0.08384 -0.03839 0.51837 86.0 88.0 83.0
-0.07624 -0.06141 0.52671 18.0 18.0 18.0
-0.04968 0.00988 0.56374 84.0 77.0 71.0
-0.05277 -0.05674 0.55085 21.0 21.0 21.0
-0.06991 -0.03029 0.5363 20.0 22.0 17.0
-0.07654 -0.06222 0.52304 66.0 71.0 75.0
0.07035 -0.03803 0.57128 22.0 21.0 17.0
-0.01203 -0.02633 0.56748 17.0 17.0 17.0
0.08531 -0.04807 0.56319 181.0 178.0 173.0
-0.05138 0.04603 0.57144 95.0 62.0 53.0
-0.07658 0.04146 0.55206 198.0 198.0 196.0
-0.08667 -0.00647 0.52741 86.0 76.0 74.0
0.00798 -0.02218 0.56989 18.0 16.0 19.0
0.04268 -0.02248 0.57203 87.0 89.0 86.0
-0.07466 -0.06846 0.52869 61.0 65.0 66.0
-0.08775 0.05342 0.54613 207.0 203.0 200.0
-0.05693 -0.04477 0.54913 18.0 18.0 20.0
-0.06648 -0.05367 0.54092 12.0 12.0 12.0
0.01287 -0.03339 0.56712 7.0 8.0 12.0
0.06265 -0.00099 0.58311 63.0 37.0 20.0
0.06136 -0.0015 0.5818 134.0 97.0 70.0
-0.0822 0.04529 0.54599 189.0 188.0 186.0
-0.05348 -0.05649 0.55011 22.0 22.0 22.0
-0.07927 -0.04348 0.52593 71.0 78.0 84.0
0.06968 -0.05353 0.55133 197.0 193.0 190.0
-0.07732 -0.04765 0.53043 17.0 17.0 19.0
-0.08986 0.01848 0.53227 96.0 83.0 74.0
-0.04961 -0.05789 0.55269 21.0 21.0 19.0
-0.06513 -0.0157 0.5481 24.0 22.0 23.0
-0.07549 -0.04863 0.53025 12.0 12.0 12.0
-0.10423 0.04682 0.53004 72.0 57.0 50.0
