-1.638204435270272097e-01 -1.172865671660061893e-01 3.130592926925200303e-01 1.900000000000000000e+01 5.500000000000000000e+01 7.100000000000000000e+01
-3.746056862697152989e-01 -2.932115439804570123e-01 7.236338772686915499e-01 2.400000000000000000e+01 5.500000000000000000e+01 9.900000000000000000e+01
-2.612671783535083225e-01 2.732459396211950678e-02 5.006479422550095260e-01 2.510000000000000000e+02 2.490000000000000000e+02 2.520000000000000000e+02
4.309171999890350907e-02 -1.037483483454524069e-01 3.235943146640506973e-01 1.040000000000000000e+02 1.400000000000000000e+02 1.120000000000000000e+02
1.162200262224290792e-01 -1.063411616617414290e-01 5.856914400188715231e-01 1.420000000000000000e+02 1.430000000000000000e+02 1.370000000000000000e+02
-2.636146418572418160e-01 3.143000395772159450e-02 5.004995699298109280e-01 2.550000000000000000e+02 2.550000000000000000e+02 2.550000000000000000e+02
-1.630424532757963896e-01 -2.424839903065623414e-01 6.262711175355265558e-01 1.460000000000000000e+02 1.560000000000000000e+02 1.210000000000000000e+02
-2.638318614367820558e-01 1.905043920167366275e-02 4.948501688620176031e-01 2.550000000000000000e+02 2.550000000000000000e+02 2.550000000000000000e+02
-3.442071271907504171e-01 -2.230480332141053512e-01 7.545129955581908465e-01 1.680000000000000000e+02 1.930000000000000000e+02 2.230000000000000000e+02
-2.102494751763495651e-01 5.371640878520472090e-02 5.432697906914965014e-01 2.700000000000000000e+01 2.500000000000000000e+01 2.600000000000000000e+01
-2.180703386782680830e-01 5.354169133814539600e-02 5.380918955642355339e-01 1.180000000000000000e+02 1.230000000000000000e+02 1.190000000000000000e+02
-2.183322917545521824e-01 5.332631387405708384e-02 5.382232440953398367e-01 1.140000000000000000e+02 1.210000000000000000e+02 1.140000000000000000e+02
-2.111054482818799649e-01 5.404807342597596487e-02 5.424717538118938309e-01 8.000000000000000000e+01 8.200000000000000000e+01 7.900000000000000000e+01
-2.178997280366033740e-01 5.368054595844991284e-02 5.380073319824634215e-01 4.400000000000000000e+01 4.600000000000000000e+01 4.300000000000000000e+01
-2.616185254235108837e-01 2.990116564296291246e-02 5.012931207135693512e-01 1.480000000000000000e+02 1.490000000000000000e+02 1.350000000000000000e+02
2.517518880019148364e-02 8.221124011079816718e-02 4.719621312755202802e-01 3.800000000000000000e+01 4.200000000000000000e+01 2.800000000000000000e+01
-1.178535950521465980e-01 -4.440395439357416874e-02 4.989692034875192750e-01 1.670000000000000000e+02 1.670000000000000000e+02 1.650000000000000000e+02
2.856938836840450802e-01 -1.459969294514047444e-01 6.553283863518740704e-01 2.220000000000000000e+02 2.510000000000000000e+02 2.550000000000000000e+02
-2.372990002558805211e-01 -1.198810751696268717e-01 7.778347245273463662e-01 1.270000000000000000e+02 1.250000000000000000e+02 1.280000000000000000e+02
3.939835164208297380e-01 2.085534722017074738e-01 9.526562622120197110e-01 1.560000000000000000e+02 1.840000000000000000e+02 8.100000000000000000e+01
7.554192205129910132e-02 1.052237510275692324e-02 1.393381945540688172e-01 7.800000000000000000e+01 8.100000000000000000e+01 7.200000000000000000e+01
3.375450616235611823e-02 9.887343291435236881e-02 7.698549069685128865e-01 6.300000000000000000e+01 7.400000000000000000e+01 3.100000000000000000e+01
1.268965593212181310e-02 -1.169686003495887666e-01 5.123459454602735663e-01 1.940000000000000000e+02 2.010000000000000000e+02 1.940000000000000000e+02
-1.477988631405436487e-02 -1.132727777081732751e-01 4.984914846848176873e-01 1.720000000000000000e+02 1.770000000000000000e+02 1.700000000000000000e+02
1.224346218296060440e-01 -4.278846944138132297e-02 6.209224604667430425e-01 1.730000000000000000e+02 1.760000000000000000e+02 1.690000000000000000e+02
-4.946922069875694938e-03 -1.095586862716656645e-01 5.060947385964792433e-01 1.300000000000000000e+02 1.220000000000000000e+02 9.900000000000000000e+01
-1.632043471690437439e-02 -1.106990186260854714e-01 4.994737005025504661e-01 1.210000000000000000e+02 1.140000000000000000e+02 8.600000000000000000e+01
1.222858693007904396e-01 -4.308975845127353821e-02 6.209424617887904230e-01 1.710000000000000000e+02 1.740000000000000000e+02 1.650000000000000000e+02
1.573848462508033730e-01 2.928473344150095414e-01 6.669144368901285258e-01 1.670000000000000000e+02 1.940000000000000000e+02 1.010000000000000000e+02
-1.191285715468510531e-01 1.255251359427163871e-01 5.731794317650832360e-01 1.500000000000000000e+01 2.000000000000000000e+01 1.400000000000000000e+01
-1.571108852735795258e-01 1.090954385996238674e-01 5.781387719114725599e-01 2.300000000000000000e+01 3.000000000000000000e+01 2.200000000000000000e+01
-4.235013974056376362e-01 -2.568004715655592962e-01 7.761724666666107719e-01 3.200000000000000000e+01 4.300000000000000000e+01 4.900000000000000000e+01
1.027941569199359167e-01 -1.050917109121464327e-01 5.767663928151053332e-01 1.320000000000000000e+02 1.330000000000000000e+02 1.270000000000000000e+02
1.885590268222931132e-01 2.149885862743769471e-01 6.898060535940768734e-01 1.030000000000000000e+02 1.310000000000000000e+02 5.400000000000000000e+01
-3.853135614682550170e-01 -3.035725701526479359e-01 7.336094511613127089e-01 1.520000000000000000e+02 2.280000000000000000e+02 2.550000000000000000e+02
1.192165547469563047e-01 -9.454878321743589997e-02 5.929910822410434657e-01 1.520000000000000000e+02 1.530000000000000000e+02 1.470000000000000000e+02
7.764083196005690246e-02 -1.033912646510609795e-01 5.609030114661586186e-01 1.480000000000000000e+02 1.480000000000000000e+02 1.400000000000000000e+02
-2.880483265181462693e-01 -9.606355440233595167e-02 7.666332996874238859e-01 4.500000000000000000e+01 5.200000000000000000e+01 4.500000000000000000e+01
2.322411441931967468e-01 -8.843871725415249074e-02 6.324825296732859981e-01 1.390000000000000000e+02 1.450000000000000000e+02 1.410000000000000000e+02
2.323201362398895353e-01 -8.850021175193419076e-02 6.324341547695100374e-01 1.400000000000000000e+02 1.450000000000000000e+02 1.410000000000000000e+02
3.507664082572909958e-01 2.105829379227030784e-01 8.865788588666555503e-01 1.800000000000000000e+02 2.090000000000000000e+02 9.100000000000000000e+01
1.188265372188474639e-01 -9.468709635637299893e-02 5.931440041961728582e-01 1.490000000000000000e+02 1.500000000000000000e+02 1.440000000000000000e+02
4.101549265022286783e-01 2.220706211648845185e-01 8.852656528439371009e-01 1.650000000000000000e+02 1.930000000000000000e+02 9.300000000000000000e+01
2.898289428675167034e-01 2.030124669002848492e-01 8.535884069459384049e-01 1.890000000000000000e+02 2.220000000000000000e+02 1.050000000000000000e+02
-2.638474475085737514e-01 7.768215168169494145e-02 5.116479211865417875e-01 1.300000000000000000e+01 1.300000000000000000e+01 1.300000000000000000e+01
4.848044138187749402e-02 -8.701198874394437677e-02 5.500906041967305038e-01 1.200000000000000000e+02 1.210000000000000000e+02 1.150000000000000000e+02
1.199811656600059395e-01 4.108189529342323731e-02 7.267113979972521509e-01 2.540000000000000000e+02 2.550000000000000000e+02 2.470000000000000000e+02
1.027584510052384076e-01 -1.049229487562116786e-01 5.768183032513128916e-01 1.330000000000000000e+02 1.340000000000000000e+02 1.280000000000000000e+02
1.766687916148703408e-01 -7.860027573939933065e-02 7.394450217050044794e-01 1.390000000000000000e+02 1.440000000000000000e+02 1.140000000000000000e+02
4.366987657831808423e-01 2.040274856914536805e-01 8.932703158754146111e-01 1.500000000000000000e+01 1.800000000000000000e+01 1.100000000000000000e+01
-2.693170140309037452e-01 3.424184138009517958e-02 4.970714536729966548e-01 2.550000000000000000e+02 2.520000000000000000e+02 2.550000000000000000e+02
2.259373765289879599e-01 -8.943945461945992936e-02 6.345295036718199277e-01 1.430000000000000000e+02 1.480000000000000000e+02 1.420000000000000000e+02
4.341105206837074237e-01 2.144930516766129225e-01 9.815586765994688268e-01 1.490000000000000000e+02 1.770000000000000000e+02 7.500000000000000000e+01
-1.417348240267120862e-01 1.583990788866786528e-02 8.340273513559826046e-01 1.240000000000000000e+02 1.550000000000000000e+02 8.700000000000000000e+01
2.259994129821502329e-01 -8.930622583576357243e-02 6.345465696149223955e-01 1.430000000000000000e+02 1.480000000000000000e+02 1.420000000000000000e+02
-9.686710840274190271e-02 1.323843963514342303e-01 5.731005230762212799e-01 5.900000000000000000e+01 8.000000000000000000e+01 6.500000000000000000e+01
9.399715326097987655e-02 1.187128345666746132e-01 6.942932698015416015e-01 1.360000000000000000e+02 1.380000000000000000e+02 1.270000000000000000e+02
1.128704696298776511e-01 -1.101355307595913990e-01 5.816660159532837104e-01 1.510000000000000000e+02 1.530000000000000000e+02 1.420000000000000000e+02
1.331618990742736430e-01 -5.646527226727728055e-02 6.213655688229313689e-01 1.540000000000000000e+02 1.540000000000000000e+02 1.440000000000000000e+02
-4.922943872657115777e-02 -8.489402898631567829e-02 4.981637216066842622e-01 1.410000000000000000e+02 1.420000000000000000e+02 1.370000000000000000e+02
2.890824247137133152e-01 2.972654884206358261e-01 8.176021806217441679e-01 2.030000000000000000e+02 2.100000000000000000e+02 1.400000000000000000e+02
1.332725828419310810e-01 -5.593834738354539621e-02 6.214045238097460899e-01 1.480000000000000000e+02 1.480000000000000000e+02 1.380000000000000000e+02
1.413157359897097842e-01 -5.109794238734354649e-02 6.297761833979047541e-01 1.630000000000000000e+02 1.550000000000000000e+02 1.340000000000000000e+02
-5.136920019618662625e-02 -8.261021337997784264e-02 4.984954797495919632e-01 8.900000000000000000e+01 9.100000000000000000e+01 8.600000000000000000e+01
-1.153821046438496811e-01 1.405081611912098183e-01 5.476005203647233976e-01 1.270000000000000000e+02 1.590000000000000000e+02 5.000000000000000000e+01
-5.553031424282973277e-02 -9.885926819137140498e-02 4.872533609648259656e-01 1.260000000000000000e+02 1.300000000000000000e+02 1.160000000000000000e+02
-1.179802795555708883e-01 -3.558518674916876651e-02 5.045005948574496912e-01 1.060000000000000000e+02 1.030000000000000000e+02 9.800000000000000000e+01
1.404980798721409407e-01 -4.493209830977314828e-02 6.300973730076697699e-01 2.550000000000000000e+02 2.530000000000000000e+02 2.550000000000000000e+02
-2.105833221838040725e-01 1.620916964402761840e-01 5.956901439607941162e-01 1.290000000000000000e+02 1.510000000000000000e+02 6.800000000000000000e+01
1.112227522376789263e-01 -5.064057799505615465e-02 6.098144014477608899e-01 1.740000000000000000e+02 1.780000000000000000e+02 1.640000000000000000e+02
5.549103494168784560e-03 6.419640393557449198e-02 8.946980077115604946e-01 1.000000000000000000e+01 1.800000000000000000e+01 7.000000000000000000e+00
1.000233127432789970e-01 -1.110973607914173544e-01 5.723368764817283738e-01 2.550000000000000000e+02 2.550000000000000000e+02 2.550000000000000000e+02
-1.143437152354982167e-01 -3.756547645566418736e-02 5.042030766060039415e-01 1.140000000000000000e+02 1.110000000000000000e+02 1.060000000000000000e+02
-9.773483849473868501e-02 1.887753855142138004e-01 7.627673677616397807e-01 1.730000000000000000e+02 1.930000000000000000e+02 1.040000000000000000e+02
1.125016580002147076e-01 -5.088332275346565958e-02 6.101984180006911895e-01 1.680000000000000000e+02 1.690000000000000000e+02 1.610000000000000000e+02
1.386757090578231433e-01 -4.391879384244466028e-02 6.307523632057044916e-01 1.630000000000000000e+02 1.670000000000000000e+02 1.420000000000000000e+02
1.063646734443570302e-01 2.953231819996559593e-01 5.798973476954110140e-01 5.800000000000000000e+01 7.400000000000000000e+01 3.800000000000000000e+01
-1.190640386445205451e-01 -3.370740760690199567e-02 5.049932295284405015e-01 1.210000000000000000e+02 1.180000000000000000e+02 1.110000000000000000e+02
9.994110010192251703e-02 -1.108794802594576523e-01 5.724247657662098199e-01 2.510000000000000000e+02 2.510000000000000000e+02 2.490000000000000000e+02
9.987835823518018130e-02 -1.112068950371166709e-01 5.723882267743554131e-01 2.550000000000000000e+02 2.550000000000000000e+02 2.550000000000000000e+02
-1.707589313273015844e-03 -1.133985971442899032e-01 5.060294865055363633e-01 1.550000000000000000e+02 1.520000000000000000e+02 1.430000000000000000e+02
3.889895973423594666e-02 -1.102805746833700334e-01 5.325973405390156401e-01 1.450000000000000000e+02 1.470000000000000000e+02 1.340000000000000000e+02
-1.188893383731482734e-01 -3.373442194895268087e-02 5.049160888230060928e-01 1.210000000000000000e+02 1.180000000000000000e+02 1.110000000000000000e+02
-2.258129305663277575e-01 2.975009649931870115e-02 5.346842024008009453e-01 9.600000000000000000e+01 9.500000000000000000e+01 9.000000000000000000e+01
3.085175264845935184e-01 2.057788110788646985e-01 8.526932433111980014e-01 1.840000000000000000e+02 2.110000000000000000e+02 9.800000000000000000e+01
1.120948017575131572e-01 -7.434437071283012122e-02 5.983757076538139819e-01 1.360000000000000000e+02 1.380000000000000000e+02 1.270000000000000000e+02
1.081729357666039865e-01 -1.127386525010758145e-01 5.732337848807012026e-01 2.540000000000000000e+02 2.550000000000000000e+02 2.500000000000000000e+02
1.177566475547643376e-01 -3.200879073235838451e-02 6.240612012487558591e-01 1.660000000000000000e+02 1.690000000000000000e+02 1.600000000000000000e+02
9.975084797866312636e-02 2.900110372172103879e-01 7.364529858837474130e-01 2.130000000000000000e+02 2.110000000000000000e+02 1.520000000000000000e+02
1.957296633943169384e-01 3.731240241990575052e-02 8.973046146598626649e-01 1.970000000000000000e+02 1.890000000000000000e+02 1.680000000000000000e+02
1.148189976834941423e-01 -4.501339782480188317e-02 6.151885163647042853e-01 1.700000000000000000e+02 1.730000000000000000e+02 1.660000000000000000e+02
1.702030368083881640e-01 6.463690478198449996e-02 7.302749440160491989e-01 1.470000000000000000e+02 1.480000000000000000e+02 1.430000000000000000e+02
1.121663843998476212e-01 -7.428792548224075198e-02 5.984755230531665360e-01 1.360000000000000000e+02 1.380000000000000000e+02 1.270000000000000000e+02
-5.762711120508669238e-02 9.934194305541386993e-02 4.957131789338189432e-01 9.000000000000000000e+01 8.600000000000000000e+01 7.500000000000000000e+01
8.293668239737981770e-03 -1.090149473155161974e-01 5.142298834710129496e-01 1.680000000000000000e+02 1.670000000000000000e+02 1.620000000000000000e+02
5.346014866110802843e-02 -8.902192758521601523e-02 5.529628732225203569e-01 1.210000000000000000e+02 1.230000000000000000e+02 1.120000000000000000e+02
-4.383727943022020651e-02 -9.579659730171970200e-02 4.941522680243342625e-01 1.600000000000000000e+02 1.610000000000000000e+02 1.560000000000000000e+02
2.442299993086453902e-01 9.020162420981633900e-02 7.767088686658492058e-01 2.180000000000000000e+02 1.850000000000000000e+02 1.520000000000000000e+02
1.248939330426692973e-01 -5.100769766041764880e-02 6.186587048665218580e-01 1.590000000000000000e+02 1.560000000000000000e+02 1.410000000000000000e+02
5.948338178251236230e-02 -1.162462218293373040e-01 5.467002966632106276e-01 2.110000000000000000e+02 2.010000000000000000e+02 1.760000000000000000e+02
1.113530543277511109e-01 -6.527978078295848530e-02 6.022787934798407017e-01 1.390000000000000000e+02 1.360000000000000000e+02 1.270000000000000000e+02
-1.137533851618530434e-01 -3.735375286244696502e-02 5.047034753743221414e-01 1.230000000000000000e+02 1.230000000000000000e+02 1.150000000000000000e+02
6.159292118641907648e-02 -4.029776487945716662e-02 5.843687755047136667e-01 1.550000000000000000e+02 1.610000000000000000e+02 1.510000000000000000e+02
1.182293915602968259e-01 3.397287984718620757e-02 7.260696336567998843e-01 2.540000000000000000e+02 2.550000000000000000e+02 2.510000000000000000e+02
6.674487402225098842e-02 -1.057625759604861188e-01 5.531875560426717797e-01 1.660000000000000000e+02 1.670000000000000000e+02 1.610000000000000000e+02
1.169743256830882289e-01 -4.008652156006564660e-02 6.190312556958779133e-01 1.330000000000000000e+02 1.330000000000000000e+02 1.210000000000000000e+02
1.111859271630925572e-01 -4.352376196890324345e-02 6.137594987786310075e-01 1.400000000000000000e+02 1.370000000000000000e+02 1.180000000000000000e+02
4.060434389589841209e-02 -1.105796532113865333e-01 5.275322953435547246e-01 1.610000000000000000e+02 1.630000000000000000e+02 1.390000000000000000e+02
-1.440346634876754628e-01 1.484928546897434920e-01 5.299402168896784060e-01 1.980000000000000000e+02 2.020000000000000000e+02 1.260000000000000000e+02
3.758829929596112923e-02 -9.505958982906523302e-02 5.399440761318458071e-01 1.660000000000000000e+02 1.630000000000000000e+02 1.560000000000000000e+02
1.429868939782173720e-02 -1.070188573549858135e-01 5.184300477820856790e-01 1.440000000000000000e+02 1.370000000000000000e+02 1.180000000000000000e+02
1.203716030712167900e-01 -4.998856794364654743e-02 6.162635392824964420e-01 1.370000000000000000e+02 1.340000000000000000e+02 9.900000000000000000e+01
-5.408398956490620413e-02 -9.225762434283267532e-02 4.919321715205123846e-01 1.100000000000000000e+02 1.090000000000000000e+02 1.040000000000000000e+02
-1.129491105016176000e-01 -4.021401319699554472e-02 5.028529425243951634e-01 1.270000000000000000e+02 1.250000000000000000e+02 1.130000000000000000e+02
1.208544892954417915e-01 -3.612235728677188479e-02 6.237707955029884177e-01 1.640000000000000000e+02 1.670000000000000000e+02 1.600000000000000000e+02
5.876392272119670274e-02 -7.641644306935699293e-02 5.642733164090080189e-01 1.730000000000000000e+02 1.750000000000000000e+02 1.700000000000000000e+02
-9.954501410069956091e-02 -7.918547882586757236e-02 4.833205105851637873e-01 1.460000000000000000e+02 1.470000000000000000e+02 1.390000000000000000e+02
-1.450192706729152015e-01 1.391574745975217575e-01 7.025433986786723262e-01 8.000000000000000000e+01 7.300000000000000000e+01 5.700000000000000000e+01
3.483651053195354064e-01 1.873274542476310867e-01 8.944374040969448325e-01 2.300000000000000000e+01 3.100000000000000000e+01 2.000000000000000000e+01
5.632744840036966322e-02 1.027118073325404835e-01 3.322505649372470837e-01 1.760000000000000000e+02 1.860000000000000000e+02 1.000000000000000000e+02
-2.666667510739392233e-01 -2.017533813197376902e-01 8.228765054747023688e-01 3.900000000000000000e+01 4.300000000000000000e+01 4.200000000000000000e+01
7.464035272551083899e-02 -7.703115126967069459e-02 5.727349287848427783e-01 1.470000000000000000e+02 1.500000000000000000e+02 1.390000000000000000e+02
-3.048854072065390695e-03 -1.193446241553321463e-01 5.018690635424873925e-01 1.560000000000000000e+02 1.550000000000000000e+02 1.500000000000000000e+02
-2.272021513687910999e-01 1.226163972830010135e-01 5.325010146336229822e-01 8.900000000000000000e+01 1.210000000000000000e+02 7.200000000000000000e+01
-5.848330901705368901e-02 -8.288245702265845116e-02 4.953018260090761293e-01 1.610000000000000000e+02 1.620000000000000000e+02 1.560000000000000000e+02
-4.642867154839445953e-02 -8.392008144044481310e-02 5.000179470056379527e-01 1.360000000000000000e+02 1.360000000000000000e+02 1.260000000000000000e+02
-2.212130360731926204e-01 -2.201632178450521615e-02 5.274161470361773407e-01 1.300000000000000000e+02 1.260000000000000000e+02 1.140000000000000000e+02
-8.078541813002108885e-02 -7.141749924804678684e-02 4.928987520282374635e-01 1.290000000000000000e+02 1.270000000000000000e+02 1.140000000000000000e+02
4.173065634780571964e-02 -1.079667410508999559e-01 5.360400639893990737e-01 1.520000000000000000e+02 1.550000000000000000e+02 1.480000000000000000e+02
1.230027776273392159e-01 -4.866475485022234843e-02 6.186947378459293212e-01 1.660000000000000000e+02 1.640000000000000000e+02 1.510000000000000000e+02
5.663393533377304029e-02 6.818186095851916373e-02 4.206592955972889847e-01 1.320000000000000000e+02 1.320000000000000000e+02 1.040000000000000000e+02
7.694307513699207013e-02 -7.933690993983703865e-02 5.729466891820079733e-01 1.600000000000000000e+02 1.630000000000000000e+02 1.560000000000000000e+02
8.097143619820170238e-03 -1.061309686995296209e-01 5.147540890013315718e-01 1.450000000000000000e+02 1.380000000000000000e+02 1.190000000000000000e+02
-3.330799310142141395e-02 2.104213023575993435e-01 5.709772857650307065e-01 1.600000000000000000e+02 1.670000000000000000e+02 7.400000000000000000e+01
-1.085766299697018128e-01 -4.476000494876061775e-02 5.021320617514369866e-01 1.630000000000000000e+02 1.620000000000000000e+02 1.580000000000000000e+02
-9.084991790350152585e-02 -7.277118341552758773e-02 4.897773714560014757e-01 1.310000000000000000e+02 1.270000000000000000e+02 1.150000000000000000e+02
4.952440207278098472e-02 1.306960716829236313e-01 3.838106735520617208e-01 1.100000000000000000e+02 1.290000000000000000e+02 6.500000000000000000e+01
1.275301748468311291e-01 -1.870535398570406446e-02 6.373047700753403655e-01 1.440000000000000000e+02 1.460000000000000000e+02 1.350000000000000000e+02
-2.683220738682348672e-01 1.584208087812163240e-02 4.937989602720253002e-01 1.210000000000000000e+02 1.210000000000000000e+02 1.210000000000000000e+02
-1.979963275326473288e-02 -1.034652456069724002e-01 5.018018769553708180e-01 1.370000000000000000e+02 1.290000000000000000e+02 1.060000000000000000e+02
-9.995113071190593612e-02 -6.817959574916769572e-02 4.900496997543711264e-01 1.250000000000000000e+02 1.230000000000000000e+02 1.110000000000000000e+02
-4.702863335934562988e-02 -9.685263386425052579e-02 4.920453151208094011e-01 1.060000000000000000e+02 1.070000000000000000e+02 1.020000000000000000e+02
1.190419859766290583e-01 -1.085038392561705513e-02 6.363671937282865398e-01 1.690000000000000000e+02 1.760000000000000000e+02 1.690000000000000000e+02
1.198701922619259536e-01 -2.270401532654756777e-02 6.305996909341770040e-01 1.710000000000000000e+02 1.730000000000000000e+02 1.680000000000000000e+02
8.958753087113408009e-02 -6.914591965217176117e-02 5.863785598573034719e-01 1.450000000000000000e+02 1.480000000000000000e+02 1.390000000000000000e+02
-8.575744536868765144e-02 -8.417461431551906403e-02 4.843515694105544056e-01 1.210000000000000000e+02 1.180000000000000000e+02 1.090000000000000000e+02
9.587193836659953228e-02 3.757794790487518216e-02 1.940911704339478017e-01 6.700000000000000000e+01 7.800000000000000000e+01 4.400000000000000000e+01
1.197477584978826337e-01 -2.287445750627106061e-02 6.306275917054442459e-01 1.710000000000000000e+02 1.730000000000000000e+02 1.680000000000000000e+02
-4.848340793835918816e-02 -8.946096605803285917e-02 4.957743932410979548e-01 1.280000000000000000e+02 1.300000000000000000e+02 1.250000000000000000e+02
-6.933950806229675912e-02 -1.536425165654112246e-02 6.312522854774796910e-01 2.800000000000000000e+01 3.000000000000000000e+01 2.900000000000000000e+01
6.456985910507294368e-02 -9.450473807327634812e-02 5.567262468044398283e-01 1.720000000000000000e+02 1.740000000000000000e+02 1.690000000000000000e+02
9.475768049840328777e-02 -2.153065220355349779e-02 6.152413337478914723e-01 1.650000000000000000e+02 1.710000000000000000e+02 1.610000000000000000e+02
8.485543125308953050e-02 -6.990640056527956669e-02 5.831785723381657238e-01 1.640000000000000000e+02 1.660000000000000000e+02 1.610000000000000000e+02
8.501040373082761892e-02 -6.982839518995231920e-02 5.831138272488729513e-01 1.670000000000000000e+02 1.690000000000000000e+02 1.640000000000000000e+02
5.252124158303865531e-02 -9.452330606709805072e-02 5.494313704936804044e-01 1.300000000000000000e+02 1.300000000000000000e+02 1.220000000000000000e+02
-2.426545725970080392e-01 9.753474471455515771e-02 5.712938401504392694e-01 1.170000000000000000e+02 1.280000000000000000e+02 7.200000000000000000e+01
1.166319826915073465e-01 3.212130286865653994e-02 7.261836677117189387e-01 2.550000000000000000e+02 2.520000000000000000e+02 2.470000000000000000e+02
1.386348283085276495e-03 -1.135531172815255202e-01 5.076720993819112682e-01 1.660000000000000000e+02 1.650000000000000000e+02 1.610000000000000000e+02
4.939174380461992114e-02 -9.232986077961048699e-02 5.487249155676315882e-01 1.300000000000000000e+02 1.310000000000000000e+02 1.250000000000000000e+02
7.358930386263960559e-03 -1.063817574997928811e-01 5.152270426867996411e-01 1.440000000000000000e+02 1.320000000000000000e+02 1.100000000000000000e+02
7.561833752867823388e-02 -7.243291893287552574e-02 5.757270457991133794e-01 1.510000000000000000e+02 1.520000000000000000e+02 1.460000000000000000e+02
-2.226113414375193722e-01 -3.312727138075546168e-02 5.209605869292452951e-01 2.500000000000000000e+02 2.550000000000000000e+02 2.490000000000000000e+02
1.042261221582569813e-01 -4.331297597607235844e-02 6.095046523171078201e-01 1.420000000000000000e+02 1.420000000000000000e+02 1.300000000000000000e+02
-4.321159779289020925e-02 -8.544526468330866653e-02 5.006156325085309167e-01 1.710000000000000000e+02 1.720000000000000000e+02 1.660000000000000000e+02
1.289772957067549797e-01 -4.846510590885008685e-02 6.224116408353875807e-01 1.310000000000000000e+02 1.310000000000000000e+02 1.190000000000000000e+02
7.767417985924944535e-02 -9.336264232020888287e-02 5.662149958470977795e-01 1.500000000000000000e+02 1.510000000000000000e+02 1.430000000000000000e+02
-1.116259506705636478e-01 -3.859631166502751343e-02 5.046582936857730850e-01 1.570000000000000000e+02 1.560000000000000000e+02 1.520000000000000000e+02
6.188405968033763079e-04 -1.350754900577698925e-01 5.025071323964858117e-01 1.770000000000000000e+02 1.830000000000000000e+02 1.790000000000000000e+02
1.321841659817567238e-01 -3.463813727226949107e-02 6.321166718819867247e-01 1.650000000000000000e+02 1.680000000000000000e+02 1.610000000000000000e+02
-2.125411473537233351e-02 -1.062900048874765996e-01 4.994626777444785004e-01 1.590000000000000000e+02 1.620000000000000000e+02 1.450000000000000000e+02
7.798039669919785977e-02 -5.874491047856048032e-02 5.842890175526903596e-01 1.470000000000000000e+02 1.480000000000000000e+02 1.400000000000000000e+02
1.013137593690831978e-01 -7.748146583084793149e-02 5.898642872368756729e-01 1.370000000000000000e+02 1.370000000000000000e+02 1.270000000000000000e+02
1.295951343759691177e-01 -4.913575115544876505e-03 6.464561493799365621e-01 1.420000000000000000e+02 1.420000000000000000e+02 1.320000000000000000e+02
7.239605917743174857e-02 -8.048454052159262351e-02 5.694626488906857631e-01 1.750000000000000000e+02 1.780000000000000000e+02 1.710000000000000000e+02
-2.682050004421572820e-01 1.648373285926961127e-02 4.931422548503322512e-01 1.170000000000000000e+02 1.170000000000000000e+02 1.150000000000000000e+02
-7.299230866771239112e-02 -8.198806852437219572e-02 4.901339720927697097e-01 1.490000000000000000e+02 1.500000000000000000e+02 1.440000000000000000e+02
8.529207623943299565e-02 -1.800245895349687764e-02 3.420099741965813012e-01 2.180000000000000000e+02 2.040000000000000000e+02 1.780000000000000000e+02
3.454831750412174496e-01 1.874190305379001276e-01 8.945694139541638945e-01 1.900000000000000000e+01 2.700000000000000000e+01 1.600000000000000000e+01
-6.165228268530320577e-02 -8.606792205493046799e-02 4.920089581150648428e-01 1.460000000000000000e+02 1.470000000000000000e+02 1.420000000000000000e+02
-1.109522012715331435e-01 -3.068371149803035894e-02 5.092332070874708849e-01 1.550000000000000000e+02 1.570000000000000000e+02 1.520000000000000000e+02
9.274234073620495067e-02 -3.880137278570237880e-02 6.045065466605720195e-01 1.690000000000000000e+02 1.720000000000000000e+02 1.650000000000000000e+02
1.202149690094846263e-01 7.075072504178814281e-02 6.831176917363206424e-01 1.480000000000000000e+02 1.510000000000000000e+02 1.420000000000000000e+02
1.307778492692890648e-01 -3.740154924745212744e-02 6.299140180697159197e-01 1.600000000000000000e+02 1.610000000000000000e+02 1.530000000000000000e+02
-1.029175759708613330e-01 -5.707318879141545787e-02 4.959438726170640188e-01 1.360000000000000000e+02 1.340000000000000000e+02 1.190000000000000000e+02
-8.487760434516858354e-02 -8.104984753263212716e-02 4.866544976912215992e-01 1.490000000000000000e+02 1.490000000000000000e+02 1.370000000000000000e+02
-1.030357565962486538e-01 -5.756302640607560694e-02 4.952454865256833982e-01 1.360000000000000000e+02 1.340000000000000000e+02 1.190000000000000000e+02
-1.445643077347321184e-02 -1.032944219366846161e-01 5.047323681026396613e-01 1.500000000000000000e+02 1.440000000000000000e+02 1.280000000000000000e+02
-7.951866639753614810e-03 -1.093142652769032996e-01 5.047556204510106337e-01 1.600000000000000000e+02 1.600000000000000000e+02 1.500000000000000000e+02
-9.379795236982362006e-02 -7.415111941361790526e-02 4.879722890231671384e-01 1.520000000000000000e+02 1.520000000000000000e+02 1.440000000000000000e+02
3.432691128454606330e-05 -1.317939839456933326e-01 4.974615883094040680e-01 1.640000000000000000e+02 1.690000000000000000e+02 1.630000000000000000e+02
1.012211884795765904e-01 -7.730283754941857932e-02 5.897065977728768171e-01 1.400000000000000000e+02 1.400000000000000000e+02 1.300000000000000000e+02
-8.519760903507617167e-02 -7.425284753615772615e-02 4.904999645852391454e-01 1.490000000000000000e+02 1.470000000000000000e+02 1.340000000000000000e+02
-1.025920361631809941e-01 -5.171522094166999817e-02 4.987907881461096093e-01 1.370000000000000000e+02 1.370000000000000000e+02 1.270000000000000000e+02
1.112923821139188557e-01 -4.054409270151076300e-02 6.151523942554472102e-01 1.480000000000000000e+02 1.480000000000000000e+02 1.380000000000000000e+02
1.135969065737633997e-03 -1.184218314527159671e-01 5.045850542828215213e-01 1.690000000000000000e+02 1.710000000000000000e+02 1.660000000000000000e+02
5.558821730963500740e-02 -7.866080989670053147e-02 5.595879423687929455e-01 1.620000000000000000e+02 1.650000000000000000e+02 1.580000000000000000e+02
9.322322048227037194e-02 1.102545541054979900e-01 6.894860121045573997e-01 1.520000000000000000e+02 1.580000000000000000e+02 1.460000000000000000e+02
-1.075130609187380376e-01 -4.450986363947987551e-02 5.014499830294970595e-01 1.570000000000000000e+02 1.560000000000000000e+02 1.520000000000000000e+02
4.332943995024315237e-02 -8.984287240603418268e-02 5.461243265783445322e-01 1.090000000000000000e+02 1.110000000000000000e+02 1.060000000000000000e+02
-8.472135042374001612e-02 -8.103798181342268536e-02 4.865426754675116205e-01 1.490000000000000000e+02 1.490000000000000000e+02 1.370000000000000000e+02
2.584933276950649589e-02 -1.084807927658035243e-01 5.255291656258631594e-01 1.750000000000000000e+02 1.760000000000000000e+02 1.700000000000000000e+02
4.500948326895000684e-01 1.712654839199743151e-01 8.244399936742263790e-01 1.450000000000000000e+02 1.740000000000000000e+02 6.800000000000000000e+01
5.549945628500545236e-02 -7.868696074765910153e-02 5.596328011086713072e-01 1.620000000000000000e+02 1.650000000000000000e+02 1.580000000000000000e+02
-1.028189287194883755e-01 -6.603100536219003169e-02 4.905940965272271304e-01 1.540000000000000000e+02 1.510000000000000000e+02 1.420000000000000000e+02
4.083834785491952807e-02 -1.012195436707599705e-01 5.387346604155716090e-01 1.550000000000000000e+02 1.560000000000000000e+02 1.500000000000000000e+02
-1.075916572881348010e-01 -4.682579916902595424e-02 5.010052020330479916e-01 1.610000000000000000e+02 1.600000000000000000e+02 1.560000000000000000e+02
9.428161915871520471e-02 -2.296015594439482915e-02 6.142142830229864181e-01 1.700000000000000000e+02 1.720000000000000000e+02 1.670000000000000000e+02
-8.365967882208612261e-02 -4.397282437679681660e-02 5.097844038721721649e-01 1.360000000000000000e+02 1.330000000000000000e+02 1.240000000000000000e+02
-3.689467223667274032e-03 -1.180711918911983016e-01 5.021953651631765325e-01 1.570000000000000000e+02 1.560000000000000000e+02 1.510000000000000000e+02
-8.819652348141109044e-02 -7.087525471818162393e-02 4.920611772736699918e-01 1.470000000000000000e+02 1.440000000000000000e+02 1.370000000000000000e+02
9.459592566339047881e-02 -2.256668862507701587e-02 6.141162475036515689e-01 1.700000000000000000e+02 1.730000000000000000e+02 1.640000000000000000e+02
-1.434068064914992835e-01 3.061496419604136515e-02 5.336532862756294682e-01 1.290000000000000000e+02 1.300000000000000000e+02 1.250000000000000000e+02
-1.190868133864693562e-01 -2.197683193862043013e-02 5.116550899306919753e-01 1.430000000000000000e+02 1.440000000000000000e+02 1.360000000000000000e+02
9.915748524846300371e-02 -2.139480068662409293e-02 6.182408992151513516e-01 1.380000000000000000e+02 1.380000000000000000e+02 1.260000000000000000e+02
9.505492775371864045e-02 -6.294099812511280700e-02 5.930936949862325447e-01 1.650000000000000000e+02 1.680000000000000000e+02 1.590000000000000000e+02
1.050512452067113300e-01 -5.844759580468035509e-02 6.021421135197695396e-01 1.420000000000000000e+02 1.400000000000000000e+02 1.280000000000000000e+02
5.525651659122603893e-02 -9.899801428908931722e-02 5.490908103421695552e-01 1.570000000000000000e+02 1.590000000000000000e+02 1.480000000000000000e+02
-7.300317714490728305e-02 -8.205605767523733995e-02 4.901537850385161432e-01 1.490000000000000000e+02 1.500000000000000000e+02 1.440000000000000000e+02
8.942791587940869535e-02 -7.788843015075959386e-02 5.817404566371014996e-01 1.520000000000000000e+02 1.550000000000000000e+02 1.480000000000000000e+02
-1.129406319291144795e-01 -3.460522427279533880e-02 5.080051491079191628e-01 1.590000000000000000e+02 1.580000000000000000e+02 1.540000000000000000e+02
7.993436814437117344e-02 -7.084410329979858034e-02 5.794547747216008959e-01 1.540000000000000000e+02 1.550000000000000000e+02 1.470000000000000000e+02
1.242119890177124375e-01 -7.008763630664557875e-02 6.086257127312362236e-01 1.640000000000000000e+02 1.650000000000000000e+02 1.590000000000000000e+02
6.543346928325971534e-02 2.002543925973880867e-01 5.885823240660071898e-01 1.020000000000000000e+02 1.280000000000000000e+02 6.500000000000000000e+01
4.057500511572988827e-02 -9.646842409577804922e-02 5.409720434411383616e-01 1.640000000000000000e+02 1.650000000000000000e+02 1.590000000000000000e+02
4.607988821507085810e-03 -1.056906208131092595e-01 5.139909726484366281e-01 1.530000000000000000e+02 1.500000000000000000e+02 1.350000000000000000e+02
5.234966352895540492e-02 -7.578034414621936943e-02 5.593894055072097249e-01 1.340000000000000000e+02 1.350000000000000000e+02 1.270000000000000000e+02
1.059738870236119485e-01 -7.691560839472343092e-02 5.941480906236065174e-01 1.430000000000000000e+02 1.430000000000000000e+02 1.330000000000000000e+02
4.952140338119336016e-02 -7.893160827062739582e-02 5.560236077449112191e-01 1.360000000000000000e+02 1.410000000000000000e+02 1.340000000000000000e+02
-8.343079272887482523e-02 -7.843047993970657383e-02 4.885050262675365573e-01 1.320000000000000000e+02 1.300000000000000000e+02 1.170000000000000000e+02
-1.122508745967404215e-01 -3.393453755308455111e-02 5.073889547498060537e-01 1.610000000000000000e+02 1.600000000000000000e+02 1.560000000000000000e+02
1.052560856514837551e-01 -8.913453184889207070e-02 5.862466517438379432e-01 1.330000000000000000e+02 1.330000000000000000e+02 1.250000000000000000e+02
-1.027949019109118400e-01 -6.604807188226347048e-02 4.905841303906411377e-01 1.530000000000000000e+02 1.500000000000000000e+02 1.410000000000000000e+02
8.667688971510723039e-02 1.275165362283505743e-01 3.632981041662296517e-01 6.900000000000000000e+01 8.500000000000000000e+01 5.800000000000000000e+01
9.440840805521703849e-02 -9.181503621815456651e-02 5.782847012115798213e-01 1.570000000000000000e+02 1.570000000000000000e+02 1.470000000000000000e+02
3.658588877458499727e-02 8.354822516950048683e-02 6.044491112314882564e-01 1.600000000000000000e+02 1.680000000000000000e+02 1.530000000000000000e+02
-9.361443612065369069e-02 -2.812801483802869484e-02 5.158198249784338163e-01 1.370000000000000000e+02 1.360000000000000000e+02 1.310000000000000000e+02
6.940569835519264097e-02 -9.668794724405394003e-02 5.590225960053912813e-01 1.730000000000000000e+02 1.740000000000000000e+02 1.680000000000000000e+02
1.169796846834480208e-01 -3.929305744299443903e-02 6.196865749567935788e-01 1.390000000000000000e+02 1.400000000000000000e+02 1.320000000000000000e+02
1.249230068527272114e-01 -2.335434392813013488e-02 6.335928917046430575e-01 1.380000000000000000e+02 1.390000000000000000e+02 1.330000000000000000e+02
7.592524420365563687e-02 -8.693612416077271809e-02 5.682936594097196537e-01 1.600000000000000000e+02 1.610000000000000000e+02 1.530000000000000000e+02
-9.583381553723888113e-02 -6.970411690187200415e-02 4.900021565032074422e-01 1.480000000000000000e+02 1.480000000000000000e+02 1.400000000000000000e+02
1.130501107750562784e-01 6.184598672838481637e-02 6.736718520195023041e-01 1.710000000000000000e+02 1.750000000000000000e+02 1.610000000000000000e+02
5.325731251030044189e-02 -1.010952205340735210e-01 5.467984776124238389e-01 1.280000000000000000e+02 1.290000000000000000e+02 1.230000000000000000e+02
-9.175811655858386040e-02 -8.012506194014415439e-02 4.847493341283952151e-01 1.420000000000000000e+02 1.420000000000000000e+02 1.340000000000000000e+02
5.532083216666246889e-02 -9.173650338301267415e-02 5.526118180427253002e-01 1.460000000000000000e+02 1.470000000000000000e+02 1.410000000000000000e+02
1.208868025121860763e-02 -1.097073003791249474e-01 5.169504355490941450e-01 1.580000000000000000e+02 1.600000000000000000e+02 1.460000000000000000e+02
-2.272297876290310936e-01 8.642242574475338113e-02 5.940705662701678547e-01 4.400000000000000000e+01 6.400000000000000000e+01 3.700000000000000000e+01
1.021041142890742465e-01 -5.799087962191406403e-02 6.001058941940891067e-01 1.440000000000000000e+02 1.420000000000000000e+02 1.290000000000000000e+02
2.645747034183756341e-01 3.876814639742604939e-03 7.201332604295035411e-01 1.790000000000000000e+02 1.510000000000000000e+02 1.030000000000000000e+02
-8.164715727453539240e-02 -8.329300163111787170e-02 4.865901998403326378e-01 1.250000000000000000e+02 1.230000000000000000e+02 1.100000000000000000e+02
