-1.292992577718077643e-02 2.090048410840287044e-02 4.104641040746961345e-01
-4.487834404315990677e-02 1.803575618831654293e-02 4.935184505593711579e-01
-9.692071445977627764e-02 5.520739961712190641e-02 4.356526280751600311e-01
-9.708798975722383873e-02 5.525893509292358063e-02 4.357783802015073871e-01
-4.604671981595952895e-02 2.300482876275821223e-02 4.912672012302758406e-01
-1.428243877478636153e-02 2.638251604608037384e-02 4.080967930003636668e-01
-6.292852119078326534e-02 1.618109076814648259e-02 4.799723869303329504e-01
-2.192081507724772185e-02 5.157501333451823544e-02 5.031710430275831980e-01
-9.127953982474093508e-02 4.617317081932574563e-02 4.417836467515774412e-01
-8.676286028450327925e-02 3.343004388348039257e-02 5.692292291418212802e-01
-7.074121274421125982e-02 4.703103259929652252e-02 4.677489342838926367e-01
-4.524009501699239461e-02 3.869665435405921644e-02 4.894349311146565240e-01
-8.483638237384587277e-02 7.369990389241361239e-02 4.530328934130609664e-01
-5.439642587330359436e-02 6.120012344340634847e-02 4.816747715893593407e-01
-7.489580099607590080e-02 5.318177914124685296e-02 4.614765609068990915e-01
-1.438997941454089706e-02 4.387530254395995144e-02 3.930734806608571219e-01
-7.702487831817292352e-02 4.280059269286218271e-02 4.602223916524823544e-01
-2.774235893908316708e-02 4.469615805707637807e-02 4.999828845405639988e-01
-8.362454638797141293e-02 1.836485875916005553e-02 4.547529130738561798e-01
-9.131160219698822300e-02 3.837153544481755607e-02 4.423001438920273753e-01
-1.015212464385725072e-01 3.046211030729320535e-02 5.673503557401314845e-01
-7.664743753938749182e-02 4.292389205309754541e-02 4.602229748100363782e-01
-7.887640158998421303e-02 1.161095614696741780e-02 4.662935143556065087e-01
-7.482216415209257121e-02 6.127874803507184220e-02 4.634659125880311592e-01
-5.307955298240391723e-02 6.124236512784596992e-02 4.815043767035976363e-01
-2.482917879612693904e-02 6.169867946163298811e-02 5.005836322051772092e-01
-6.692365501331597188e-02 2.282592322237391239e-02 4.748894788446351156e-01
-4.115097656794811098e-02 9.376676826721112856e-02 4.895980679527233148e-01
-4.531341067354680008e-02 8.781903953638554861e-02 4.875969164957973390e-01
-6.128072731511928495e-02 6.850624560230089699e-02 4.759764669982016194e-01
-1.276108421289605041e-02 8.268620918023805721e-02 5.074978977976719596e-01
1.633630969291795113e-03 5.779457065978652747e-02 5.165774362289572430e-01
-3.554811105454080966e-02 6.760510060982874436e-02 3.896847136844558968e-01
-5.106725340983683109e-02 5.718045330452740937e-02 4.825980705256135428e-01
-2.446487570983097576e-02 4.208498635470171723e-02 5.023232449472738725e-01
-4.498327065004407987e-02 5.479486974133170735e-02 4.875880820348019729e-01
-3.606881921364180066e-02 5.816588835035767235e-02 4.934561391931611696e-01
-5.004381244683155788e-02 6.642365486746190650e-02 5.011581538474625397e-01
-1.057396575510837627e-02 6.658034416897572194e-02 5.088200924978041328e-01
-3.357258301116958221e-02 6.834719370814149042e-02 4.949426919020283311e-01
-1.018732580541690386e-02 1.703544594062606984e-02 4.145967770625125781e-01
1.226040187086784071e-03 5.647805220241007562e-02 5.159331828384576824e-01
-1.882704366265534196e-02 2.059652018001636997e-02 5.095584551675123031e-01
-3.311673550257842463e-02 6.375967033544817364e-02 4.954591323936456404e-01
-4.121231635299618667e-02 1.976216376216412968e-02 4.948068745216782638e-01
-6.025896669503050945e-02 1.462850090023460475e-02 4.826389996398827709e-01
-3.075386810107542945e-02 7.960063361530245185e-02 4.968466185992309603e-01
-6.039901410532674125e-02 1.360763285831970669e-02 4.828741825564531465e-01
-6.851286624572119899e-02 1.417760555141810500e-02 4.741908405264001480e-01
-7.045763877349824067e-02 1.208177332338754469e-02 4.744413657258501615e-01
-8.947153524591766605e-02 5.925375606804231948e-02 5.598659190361945370e-01
-1.405135240346945362e-02 1.667318429782826614e-02 4.096226975585907648e-01
-3.611655070689624714e-02 7.311042041525821211e-02 4.935267834343544102e-01
-6.145924681142234808e-02 1.915403998690773379e-02 4.797549745446936797e-01
-4.702382757930709950e-02 1.957076271309595231e-02 4.914774273257772053e-01
-1.498492723582739959e-02 2.552527255643206525e-02 5.103559371408673551e-01
-1.365927431787266298e-02 2.055191692994324734e-02 5.127007147464117676e-01
-6.479124819923663681e-02 1.336908844930996369e-02 4.790619358066532385e-01
-1.236422001943627419e-01 4.310968946713009120e-02 3.180858287707862275e-01
-2.124674961393522785e-02 2.235040384649554859e-02 5.076930021781206337e-01
-6.490898963313962607e-03 7.239793157492031839e-02 5.097060244949868091e-01
-4.220547058320262002e-02 1.733332610431273513e-02 4.958020768339545525e-01
-4.696251943977918647e-02 1.984125211922594528e-02 4.913925793067473458e-01
-4.768359199288785266e-02 4.199445639532434216e-02 4.873855919565544537e-01
-2.669917036394203400e-02 4.980224171582933734e-02 5.001029808904978724e-01
-1.848224365003701616e-02 1.690512314578643260e-02 4.032592571743346399e-01
-6.957384987575851443e-02 1.630129338692727983e-02 4.723335411320206401e-01
-5.845893005664620778e-02 1.123893841933390619e-01 4.205646177676143349e-01
-4.395728901707926517e-02 2.493351891882782459e-02 4.929756812143150091e-01
-5.679710484177740576e-02 5.569388797367562371e-02 4.793696605427325563e-01
-1.764289102676819959e-02 3.547871041401239739e-02 5.073146589641492898e-01
-4.817855857177877343e-02 2.500167510273878027e-02 4.891366192668754609e-01
-1.957213309545026425e-02 2.017506153504009664e-02 5.091946433515669446e-01
-6.968756936523781698e-02 5.028472157126012698e-02 4.683131568329918504e-01
-4.725852189739936093e-02 4.174785498283210827e-02 4.877604142453086378e-01
-6.989216633511163845e-02 5.046642110353814770e-02 4.683354704126315160e-01
-4.832690016095460284e-02 2.521108715523605673e-02 4.890080019918434107e-01
-2.369800392285690421e-02 2.197754704529248856e-02 5.063148320759551790e-01
-2.753018852683131526e-02 4.929608044239668085e-02 4.997511033617214049e-01
-2.929388623249044171e-02 6.741481231961962695e-02 4.979794114254602055e-01
-6.163403804420165832e-02 1.914167164892469422e-02 4.799924515991726426e-01
-2.647721074852223827e-02 1.297154305673768326e-01 4.537775337976296397e-01
-8.914707671517980991e-02 3.770901550124558521e-02 4.457251936359383770e-01
-3.071695721666826626e-02 5.497281665191623701e-02 5.082440719893895897e-01
-1.057424828139135048e-01 8.100911662276846781e-02 4.221661195161989788e-01
-2.629302297316166853e-02 9.031135354401353954e-02 4.988035023128885581e-01
-1.510750314751784645e-02 2.552457841342879036e-02 5.104905371517356460e-01
-5.644470939811930404e-02 6.618253147675672021e-02 4.797679510844672923e-01
4.573933541683750104e-02 1.666370340412811901e-01 5.071273510660809780e-01
1.057066682645863009e-02 7.370329978033711427e-02 5.191926919339526769e-01
8.288539453429662890e-04 7.094206449744600018e-02 5.139451014726188482e-01
-4.323856481995334150e-02 2.726789927567890848e-02 4.915883140757253966e-01
-8.861412040286920089e-02 6.296390063816691141e-02 4.475250881778499168e-01
-7.595415871414387676e-02 2.083280631794329901e-02 4.676033789010916597e-01
-1.071367512102291142e-01 2.854398367405342959e-02 5.668441411814729713e-01
-2.977714476224471024e-02 6.031449512132462665e-02 4.976296717852733975e-01
-8.949141169582561228e-02 3.772841148215573537e-02 4.445077925035423316e-01
-1.237113098382132681e-01 4.373057825951039146e-02 3.379039481291765123e-01
-5.321681664301353143e-02 1.248499835166527218e-02 4.892740468465037740e-01
-9.181109470978977838e-02 9.208857580554610789e-02 4.480336770948638581e-01
-5.464477241014861070e-02 1.040782728020809983e-01 4.805446622717493566e-01
-3.330817226959344873e-02 7.429116418119365017e-02 4.952522326225062832e-01
2.062621316300235295e-03 2.231614807458800684e-02 5.209360404079546036e-01
-3.412008218400042897e-02 3.219079396865421466e-02 4.992359454332829238e-01
-9.007993146631481859e-03 6.954748267387564353e-02 5.094857803985218814e-01
-2.705772419088394928e-02 2.747011205020196203e-02 5.027761982351667269e-01
-8.800196356761656735e-02 2.473206347485280149e-02 4.487348544722432608e-01
-1.041724712769438455e-01 8.710553382133385050e-03 5.737946796204197453e-01
-3.079070108541250017e-02 1.491054384471127668e-02 5.035773837750500137e-01
-4.253480616990774899e-02 4.593730268823387197e-02 3.642094528480550042e-01
-4.410272130326610418e-02 2.227497528404380131e-02 4.928814778489875037e-01
-5.561049768775089969e-02 6.548601848372646861e-02 4.804538567615790345e-01
-2.674026353594103136e-02 6.615652981784540809e-02 4.994782046390609520e-01
-2.931906071771819139e-02 6.069580576331190525e-02 4.980463611063069562e-01
1.192944784471051435e-02 2.018338192238800996e-02 4.403988904188256281e-01
-1.091932930926731021e-01 6.004789771852276498e-02 4.149144176619411484e-01
-9.123956240518583949e-02 8.254653905279797990e-03 5.764679770338101417e-01
-4.626403641859366811e-02 1.469473556949831700e-02 4.935851452915906989e-01
6.282640712679707709e-03 2.354450336853336490e-02 5.227750693425936568e-01
9.729170745034404488e-02 2.972798539093548034e-02 3.427907171109967344e-01
2.171225764908357031e-02 2.443216270749219710e-02 5.299144877888646299e-01
-1.681806765210203114e-02 5.928053347844178950e-02 5.058485401492122113e-01
-5.246301442845020943e-04 3.095682106872035821e-02 5.175594121789840463e-01
-3.716802477140295630e-02 2.374830541201554401e-02 4.973900210553958146e-01
-7.385376364688334139e-02 1.244239941808364218e-02 4.697712390978542318e-01
1.945380152622697145e-02 6.778095378884545219e-02 5.241962078000785841e-01
2.427881170201881197e-02 2.755455186702191958e-02 5.309482743025371043e-01
-8.638496422776856254e-02 7.831713242240046294e-03 4.573012952117322949e-01
-4.770958955035601440e-02 9.556710651413256874e-02 3.943004759766320921e-01
-1.257127241857048938e-01 4.849033442304528235e-02 3.457886047099124616e-01
-4.333416335773493389e-02 2.207138182559981870e-02 4.936077868133492697e-01
-9.733347613482445232e-03 8.151331149442364588e-02 5.093300108347352806e-01
2.243085656093630684e-02 3.278512940035065854e-02 5.289369132160598452e-01
1.948074937496030098e-02 2.495067119430425390e-02 5.281925394544176866e-01
-9.554803669562632329e-02 -2.181918474336987362e-03 4.519144849608933701e-01
2.001702120679579172e-02 6.778525458168753459e-02 5.236880253479390124e-01
-8.596378243184832346e-02 9.125895245095544395e-02 4.076638230741767566e-01
-2.257931383031355765e-02 5.563484737108589928e-02 4.001876255841545493e-01
-7.227880312133365404e-02 1.103796639389480368e-02 4.720716999633220445e-01
1.890265807206088430e-02 2.521306385048750764e-02 5.285434845768705037e-01
-1.007642209753920742e-01 7.125930733670543527e-02 4.324884457127606274e-01
-1.241549899959498854e-01 4.373823415906560874e-02 3.212234814765576596e-01
7.074623265072037259e-02 1.540293148131346990e-01 5.287819797405056699e-01
-2.892822297262058473e-02 5.989745337074859483e-02 4.982736735844328080e-01
-1.130756977125734059e-01 7.692390482851886591e-02 3.670628058161669038e-01
-8.943585145091217936e-02 3.675307003864732719e-02 4.452136075933394999e-01
1.143859645379455975e-02 2.626911649855276712e-02 5.239973709097430765e-01
-5.229012170627512363e-02 5.177825645972362195e-02 4.833896524872617895e-01
-8.676154449738675278e-02 7.896949126099044036e-02 4.514577882614059789e-01
-8.141827541008245239e-02 5.645912584319198735e-02 4.556194826706582712e-01
-5.153894231143120452e-02 5.765569116545144965e-03 4.935282278390180632e-01
1.425785154769762487e-03 1.417671484040380070e-01 4.783140176140808220e-01
-1.116500622643807339e-01 7.636995615735607534e-02 4.188136357864501447e-01
1.178831736190204781e-02 7.595352599139895688e-02 5.198064523790996150e-01
5.887032248816132136e-03 2.996203729468271959e-02 5.206032840876364531e-01
-1.420240431019895513e-02 9.225446775016418743e-02 5.067229680418899873e-01
-1.013921955146598192e-02 1.457177971191193910e-02 5.162017322565979338e-01
-8.907646160235664981e-03 1.364224132135706362e-02 5.172336632371901111e-01
-2.977917838050686203e-02 7.551990608208576650e-02 4.976149656534153420e-01
2.111220788731694997e-02 3.784461246720806360e-02 5.272968139823865918e-01
5.044150447342338152e-04 1.413586799838053576e-01 4.794540286704896959e-01
-2.013983082164490235e-02 1.304754614621553011e-01 4.583875547475220746e-01
1.883235749078918803e-02 2.512688695343619216e-02 5.286298622195111374e-01
1.240564800080024878e-02 7.624497251862456804e-02 5.190669282295241604e-01
-1.199561869287422838e-01 7.450293292280892044e-02 3.546946017807150464e-01
-3.050468416102803185e-02 1.855759378232914661e-02 5.030061940039742829e-01
1.359608289291739693e-02 1.478939892599736017e-01 4.831259006585445492e-01
-2.073197377097125635e-02 2.436135353790310973e-02 5.074552408752669441e-01
-1.120311881483307542e-01 7.667049205628299891e-02 3.662306724344566722e-01
8.353756430739059380e-03 7.873972767589772215e-02 5.178110015927276377e-01
-1.087223389537064905e-01 6.216241289345256216e-02 4.168597609324208864e-01
-8.346945752705346331e-04 2.262866248547098710e-02 5.191677095824922539e-01
-7.456955203306933622e-02 1.445495777870469192e-02 4.692494670711913618e-01
-1.249829512938425979e-01 4.605623655897311125e-02 3.411007712337009723e-01
1.952161623360205989e-02 4.311963139950483054e-02 5.257164131472132906e-01
2.031817041102705872e-03 4.006113804748551166e-02 5.174300850629154347e-01
-2.206306664315760974e-02 2.944670242711573335e-02 5.057165092744080326e-01
-1.227795691800457750e-01 4.190490924093089736e-02 3.179108979510608668e-01
-9.446514035288589017e-02 2.902201291962562546e-02 4.362311419789375866e-01
1.974106630798355688e-02 3.486340046439056345e-02 5.276304903996443807e-01
1.560308216057166436e-02 7.208888139661508154e-02 5.213777611720560312e-01
-2.653686655763558624e-02 3.619355783315925112e-02 5.015350612615444570e-01
-2.686222176292622082e-02 3.431683330259855530e-02 5.017210071151408934e-01
-2.498505003937845532e-03 1.271065900066193147e-02 5.211667798870802670e-01
-7.675401374236862084e-02 5.671041201521852954e-02 4.610603193774362452e-01
-5.057380382863420343e-02 5.276745918077335729e-02 4.842701158468945000e-01
-1.125836400653796622e-02 8.185152678880883159e-02 5.079867551626198185e-01
4.836247823868799686e-03 3.663356846035766695e-02 5.191798316852224149e-01
-3.427522314226132821e-02 7.174456644010937523e-02 4.946626934530343189e-01
-1.730026832225560821e-02 8.046892353011460275e-02 5.047250932760828368e-01
-4.177631975775968065e-02 3.263593327163166746e-02 4.942127844798140934e-01
-1.482302155991826673e-02 9.455218200366702352e-02 5.056254945099013520e-01
-2.056498021037709428e-02 1.783691628543350796e-02 4.011539955101803834e-01
1.422088333642949898e-01 1.825505203486751937e-01 5.645182785277510495e-01
-2.228907031163164174e-02 5.430953006581806103e-02 5.022164772834811775e-01
-4.228468666429811493e-03 7.849541322183080372e-03 5.208479724783139364e-01
-5.980130803619474605e-02 6.389236937419626172e-02 4.770222751558274576e-01
-9.358534639524471177e-02 5.980644973363381670e-04 4.520506204812996809e-01
1.417334590424907115e-01 1.825979793256493899e-01 5.647328711029329096e-01
1.733598983979310268e-02 3.964812797020895313e-02 5.249165395670748469e-01
-1.245595310703872111e-01 4.491314820702437677e-02 3.366842906418637260e-01
-4.120895044579397232e-02 8.386764054897041798e-02 3.920282761198410904e-01
-4.115316914113519020e-02 8.530651343271113130e-02 3.934595890970959409e-01
-1.252759665597898697e-01 4.588568676146456693e-02 3.357450356748389875e-01
-4.710901854015301163e-03 8.861995913017582660e-02 5.109248746219392512e-01
-1.999463732545093617e-02 1.880993752817980424e-02 5.087912892542520993e-01
-1.041540657304416556e-01 7.263899684804193957e-02 3.721410956416674187e-01
-4.960921147117646271e-03 6.038492367440009140e-02 4.224744599420204305e-01
-2.454030515121228065e-02 5.838094700020764194e-02 5.006132210966430796e-01
-2.830936312219445306e-02 3.547922398371575886e-02 5.004758934553757976e-01
2.950253714052149950e-02 3.171800378606188381e-02 5.336386450755828958e-01
-2.251980375376941984e-02 1.005041949440743237e-01 5.018709284505152857e-01
-1.813205896785570308e-03 1.252788615862361621e-02 5.212328662519816191e-01
-2.904513458926712491e-02 3.133211828872575766e-02 5.007204363659725210e-01
-1.020834347368608369e-01 5.877092741516532631e-02 4.275435158364337407e-01
-2.252389847642207593e-02 9.655620799738227900e-02 5.015010385826926820e-01
3.622596964205801202e-03 3.321774610789206966e-02 5.193861766540059932e-01
-4.075004925228269820e-02 7.143457772002918815e-02 4.906527883483624008e-01
-7.928684270003803769e-02 4.605372114204792783e-02 5.676608125389995818e-01
-1.237055634674015386e-01 4.322159860888783595e-02 3.342658842438662181e-01
-3.288811539794672667e-02 8.834988731795619110e-02 4.952716029149473731e-01
-1.225091968328866493e-01 4.158323726338192250e-02 3.178636908399133376e-01
-7.270811242045557843e-02 1.202204240445063979e-02 4.712717390878197188e-01
-2.145683957114932067e-02 3.429531227942968913e-02 5.052561058103867131e-01
-4.375693972986038904e-02 2.072199794086389615e-02 4.936239373412354969e-01
-1.186456532622154475e-01 6.531243801882898048e-02 3.478970340748136492e-01
-2.251141370182030421e-02 9.635858229430199762e-02 5.016798723675005567e-01
2.437899241569134803e-02 2.336162712751728085e-02 5.307575026726674139e-01
1.966799312152213430e-02 2.244770185537622170e-02 5.290188399593263036e-01
-9.720799067413399275e-02 -3.942024943333261901e-03 4.507956431810988263e-01
-5.569647264199364955e-02 8.238901426359216892e-03 4.889372762545714513e-01
-1.248243967078268152e-01 4.552984680248312044e-02 3.400757215247489085e-01
1.946609555076271245e-02 2.734509670877944762e-02 5.281769895786885272e-01
-4.902272894013982862e-02 6.649136667030682013e-02 4.841858732633519957e-01
-1.701856287287386096e-02 1.721516448155950008e-01 5.744579856203207990e-01
3.832706455611139401e-02 1.643209277886692188e-01 5.028135331932563901e-01
-9.443220677464767010e-02 2.950492110256580300e-02 4.356333831316265282e-01
-6.706837368490838058e-02 6.075260828510199718e-02 6.525016774390671737e-01
-4.785563842615147960e-04 8.385078040455126724e-02 5.132316027611423248e-01
-4.925488187465628526e-03 3.137097899244060267e-02 5.156510254801196513e-01
-1.051877842114874728e-01 1.318584036309274413e-02 4.438906200355345333e-01
-8.472536805835616247e-02 7.499097709239711806e-02 5.567200262371997388e-01
-2.375353191823581511e-02 3.521848586028090977e-02 5.035246321170715467e-01
-9.915814414573041746e-02 1.149005703197522772e-02 4.363878511358501577e-01
-4.490766841770852009e-03 8.846751333552349550e-02 5.108516166567164118e-01
1.903060301050217909e-02 2.899246878103001537e-02 5.273346377405305763e-01
-9.268938993764015699e-02 7.037306787529611302e-04 4.505694833377566488e-01
4.111695642031774379e-03 3.151880052807067012e-02 5.197997210005816937e-01
-3.209617462858693759e-02 8.294044064079436618e-02 4.956254673518919462e-01
1.507452775677321777e-01 1.420525741952870791e-01 5.669034295957259273e-01
-7.148333964686222342e-02 2.036387872850375230e-02 4.693426436227407517e-01
3.142269188268070196e-02 2.880156654373223699e-02 5.338329303249188529e-01
-7.030522625622301347e-02 1.513982550927300483e-02 4.721758198173516829e-01
3.836890214401812715e-02 1.606002032892115405e-01 5.034885217761858600e-01
-8.556761844993263089e-02 7.416810667722334438e-02 5.565594151149465540e-01
-1.469457501126952663e-02 7.971367915088960199e-02 5.059659963083302792e-01
-2.167058831506965197e-03 3.969668737063846570e-02 5.154225754884466104e-01
-9.791701106595629422e-02 1.888741685991984776e-02 4.333896131214930447e-01
1.639017741461679459e-02 3.910691509165513391e-02 5.241444603247623624e-01
-4.493182799962940760e-02 2.555864149729701607e-02 4.915044217888334122e-01
-1.021745798777775986e-02 9.061299661205049483e-02 5.081284219975759076e-01
-3.813360904376643379e-02 6.391377264440448180e-02 4.924022297537097859e-01
-2.670867956084516798e-02 5.404970040709936030e-02 4.999917743343946230e-01
-1.103917045104783612e-01 6.064322554333059778e-02 4.134278724691819451e-01
-4.898035697088219675e-02 1.488854936602799009e-02 4.913615773563791977e-01
-4.919538157793745814e-02 6.743617371541650585e-02 4.843864225042571192e-01
-6.644764416078820235e-02 3.857477657437718283e-02 4.717425228559643524e-01
-3.056694885421054955e-02 2.628032012835536738e-02 5.009602407497840693e-01
5.422825736204415353e-02 2.905156743170339562e-02 5.440522465612699365e-01
-1.248492316403225777e-01 4.418949835334317483e-02 3.321955842333003117e-01
1.383690144121098309e-02 2.874424719907407375e-02 5.251984880485922602e-01
-7.608738142821995509e-02 7.421368705916127351e-02 4.141962947954569985e-01
-2.127498087789202186e-02 1.002985747374224024e-01 5.025094655635072849e-01
-3.309354512246982100e-02 8.248239585805976215e-02 4.950008862200367954e-01
2.405202395441643007e-02 4.717779714423629006e-02 5.289767699963955350e-01
-7.344735860860863996e-02 -2.864862693467950736e-03 4.774855919818264960e-01
-3.334768582477384141e-02 8.133749387646295459e-02 4.955945866440961689e-01
-1.221375126751229542e-02 8.658976060374584671e-02 5.075214029091620338e-01
-1.229617527980642472e-01 4.138310127295496271e-02 3.193443409046214376e-01
1.232230703292376203e-02 2.482909572393447728e-02 4.587960735323401429e-01
-4.354677835145037701e-02 2.803999698848485059e-02 4.923850981810627969e-01
-2.169540154588112460e-02 1.935794386900872160e-02 5.076686203307219092e-01
1.481847936208524098e-02 4.243301063453910199e-02 5.210255429642647318e-01
-9.253069182504030168e-03 8.736481355665028092e-02 5.085640877165675811e-01
-3.793058762896137776e-02 6.446008463431920910e-02 4.920752402748422294e-01
-4.314341023820666282e-02 2.856671228481039507e-02 4.923593273229488476e-01
1.702728377457811762e-02 1.561236269018388967e-01 4.879763591955700863e-01
1.703400807127477407e-02 3.631054771019050220e-02 5.264381131075616116e-01
-3.050659237448538966e-02 2.088257288369323866e-02 5.019731440280236212e-01
-1.236155978230011887e-01 4.229965453605287473e-02 3.383646384790076067e-01
-7.885204359592200285e-02 4.168164787438742060e-03 4.696108444633956824e-01
6.495273507828758230e-02 3.153734988705853698e-02 5.474693064134699139e-01
-6.495852230092134805e-02 3.876691848241044236e-02 4.732042832432535318e-01
-4.955886206142454814e-02 1.550744102073927169e-02 4.911669834487434882e-01
-6.729445141486926907e-02 3.778667475821776561e-02 4.709725183312096219e-01
-4.922319574118773355e-02 6.856733035018110212e-02 4.842436457194259081e-01
-8.279660560095290778e-03 4.487648907828344080e-02 5.100276313450839982e-01
1.218970237304241137e-02 9.017646527400537126e-02 5.204607669094761802e-01
-3.674176611946154691e-03 8.235642809191646985e-02 5.112648160657743412e-01
1.356852331269322275e-02 1.073271621459773034e-01 5.203506700805577978e-01
-1.067872897324217280e-01 -1.737734741001204517e-03 4.307414282832722208e-01
-3.928656595505001202e-03 6.066178622838890033e-02 4.235060008758970707e-01
-4.040755391075629495e-04 8.885505163352613124e-06 1.056763917672553458e-03
-9.617928889790354485e-02 6.982218026808378756e-04 4.475838373238805179e-01
-2.925370127104616191e-01 -5.479919706066403717e-02 7.757870829222593967e-01
5.876719902774455578e-02 3.285156496811615645e-02 5.451959824025371937e-01
6.507221359168322006e-02 8.365071775764755524e-02 4.843295540345262107e-01
1.462400681302812068e-02 4.353229580748334965e-02 5.208014345892905128e-01
3.035550794914605374e-02 1.607071418269673257e-01 4.994599868971957846e-01
-6.448008805166695334e-02 1.763948041606463665e-02 4.768773923289051364e-01
-3.327424939330293763e-02 8.331997968904127083e-02 4.948959271521654602e-01
-7.823093348186095641e-02 4.711355606484795427e-02 4.589765150820966366e-01
-4.698625138673458157e-02 4.701946647541908192e-02 3.128122036320373778e-01
-2.243015841001343852e-02 3.375557130686530211e-02 5.048296236662503933e-01
6.031616420192709854e-02 3.302500088056908173e-02 5.438454101854178768e-01
6.948151272481463414e-02 2.872432316759485765e-02 2.448114718025214964e-01
-3.527202135667995616e-03 8.330126715749423816e-02 5.115418225760079984e-01
3.534825992856393401e-02 3.056175910183463185e-02 5.353257505244697345e-01
-3.674176480406398174e-03 8.180620464199002406e-02 5.113135588992844260e-01
3.638173698135074852e-02 3.002088816304082641e-02 5.357046394119715504e-01
-7.629964442761552612e-02 1.503363057373221373e-02 4.666274584499494060e-01
-1.110739999301521008e-01 2.934804584813718170e-02 5.655308180600487900e-01
-1.223357550166409013e-01 7.179732054123721952e-02 3.339387277482843142e-01
-1.001283896670441542e-01 -4.396555420853597539e-03 4.490970410132484325e-01
4.307130062138169596e-02 8.411192701352142309e-02 5.341241372400824527e-01
-4.637094069137004393e-02 5.894184121217273253e-02 4.865931089974360746e-01
3.887670671621674262e-02 1.602301305376596652e-01 5.034640502023937092e-01
4.502841630648295873e-02 8.726681814338926868e-02 5.343106782018200995e-01
3.097343294818088663e-02 8.337821682730361950e-02 3.834404860107112900e-01
-3.250433652553735148e-02 1.293812495417587527e-01 4.418214385075902584e-01
-6.545622519294699848e-02 2.294164652351543890e-02 4.738102249649766562e-01
-2.698477235394632079e-03 6.391149103499800532e-02 5.121989785491075642e-01
-3.286243532982068005e-02 6.591083722500434838e-02 4.956549449943064012e-01
-5.644695220299595327e-03 6.008371969979772742e-02 5.119948913133944846e-01
-5.144059390890829558e-02 3.351864752878123271e-02 4.867532836976826705e-01
3.249620033298640520e-02 1.014747682957108238e-01 5.290471665561519155e-01
-7.635154901137912453e-02 1.835581258865314619e-02 4.645813766625996322e-01
3.405350854203209598e-02 4.473329947176457599e-02 2.895684232835177285e-01
5.931691856596278678e-02 2.891578661859790789e-02 5.464939387835046070e-01
-2.150954542980131612e-01 1.037846033400773166e-01 6.457505124057227874e-01
-7.497788682543507499e-02 5.030853126435764350e-02 4.629202246611218707e-01
-1.245013822450286023e-01 4.577171730672281724e-02 3.466562602757756184e-01
-1.745668732215628627e-02 8.777688731229134345e-02 5.046948013982455183e-01
-6.559323143718974458e-02 1.091912169564461105e-01 4.150465494479254613e-01
-7.050731162573524446e-02 5.564190278796213654e-03 4.766915017735366411e-01
-8.704190273666725930e-02 2.293104823881620541e-02 4.505414547388924551e-01
1.672765281209905724e-02 9.564053471705011300e-02 5.217611740535041953e-01
-5.111580492105081280e-02 3.450342648512609838e-03 4.943098632358309263e-01
-1.781093470007874503e-03 1.872788835311377936e-02 5.196157709118343071e-01
-1.092289101384214256e-01 8.268165183659466344e-02 4.245708859926121126e-01
5.644781548348729028e-02 3.204321560936249091e-02 5.446353141202548986e-01
-6.546062156291336531e-02 6.443776830635355654e-03 4.817340176375741745e-01
-1.647461721876573078e-03 1.858801091302380443e-02 5.195041947581939823e-01
-2.766116103757983863e-02 5.822057685596730009e-02 3.946362566291365392e-01
-7.786647292389099750e-03 1.057227747811975184e-02 5.199305952587092161e-01
1.183392684377522312e-02 1.593038340934707087e-01 5.226557834803751135e-01
-5.742037520496288613e-03 3.913419761537880598e-02 5.134768145887886881e-01
2.985397797211484638e-03 6.261352863567606897e-02 4.136936986781025172e-01
4.868401354590405281e-03 9.185715191607290997e-02 5.160899561513569989e-01
-8.115047702618646830e-02 4.418188549435868306e-02 5.678607488939608761e-01
-2.047677515756434266e-02 7.777802725194933597e-02 5.022640986467434843e-01
1.888333373103648696e-02 1.514354071876668206e-01 4.871464234015053796e-01
5.452926182889310247e-02 3.037066165127369835e-02 5.438769397597462696e-01
1.092416765518383105e-02 1.077098523854600892e-01 5.191994736940567234e-01
-6.182718907711669959e-02 1.101341868170778171e-01 4.179812107339305194e-01
-1.134765517328485684e-01 3.235840695585158466e-02 2.851791640003460970e-01
-7.294104853413532590e-03 1.276247004775835359e-01 4.654753549804898083e-01
-1.074093627610012008e-01 1.226833354648953524e-02 3.825313191721915751e-01
-4.264112346119722230e-02 8.767493414107320471e-02 4.904024391890571821e-01
-1.922613305182051605e-03 7.638835149829847904e-02 5.122522698359966986e-01
-4.924723556806256952e-02 3.374474154156766915e-03 4.962543430727992533e-01
7.954841815402198535e-02 1.253683055131003810e-01 5.311346245626683560e-01
-3.806779434972359932e-02 1.220039734690886273e-02 4.995788610208691249e-01
-1.253062271507406344e-01 4.787123070216474374e-02 3.482251320161983132e-01
-1.212397396660285925e-01 3.978596757166025233e-02 3.094101415059145044e-01
5.980479554103620976e-02 3.037870494280396280e-02 5.466397997403689146e-01
1.454831352742388256e-02 4.582933042587717526e-02 5.227492000346111167e-01
-8.081824459348208381e-03 7.229856240812965185e-02 5.100158182480142299e-01
-7.433104931177633712e-02 4.962787605705385602e-02 4.636728058823622600e-01
-3.462057458429510653e-02 -3.018177125629560933e-03 1.295856227391344873e-01
7.317070609976969280e-03 9.025570852759827456e-02 5.190189275086858345e-01
-3.933350329182907362e-02 1.202766426638216500e-02 4.988623263545869935e-01
-9.110257467565568978e-02 -3.898015544874380758e-03 4.519003055083216647e-01
5.300516106473429634e-02 3.549987027015068936e-02 5.424173774801469561e-01
-6.978597349576422249e-02 4.518016950000453696e-02 4.159325265711493747e-01
-3.353539277528214818e-02 -3.077195743633626916e-03 1.276261148110199029e-01
-1.078352666907809176e-01 1.709533713895297971e-02 3.640321229561531702e-01
5.784494963029138820e-02 3.552533638026635077e-02 5.448940198011471558e-01
-8.872894039075818196e-02 1.694108916877812114e-03 4.581291481206601901e-01
-8.934099819150348454e-02 9.916820432255308172e-04 4.594843341404831194e-01
-4.998285005972567807e-02 1.479934872230617704e-02 4.900387005100813043e-01
-4.488219292218518369e-02 1.125640206893257014e-02 4.942814094369629152e-01
-1.409992425923506897e-02 1.379399601623350867e-02 5.138053398492230528e-01
1.376697990918337722e-01 1.816019763475738846e-01 5.626598873329866635e-01
4.622529640262669492e-02 7.375350903079275211e-02 5.357328137277911351e-01
-1.831811166458903462e-02 1.643722674769730260e-02 5.106893447819199627e-01
5.696568451458140780e-02 2.983123799995460526e-02 5.450666564303368045e-01
5.804615229523321651e-02 3.711638264261661602e-02 5.444093611848043190e-01
-1.026538369663685252e-01 2.877813100921867290e-02 4.163639511411376670e-01
-9.685285219900161002e-02 6.825540153711536287e-03 4.429943836271755808e-01
-6.960189316039366858e-03 1.063375703487514506e-02 5.190288776624311096e-01
-8.047542368312560201e-02 5.843200503683918141e-03 4.637848918875174253e-01
-6.549246512956878596e-02 9.680966878459942859e-03 4.817749455294545458e-01
3.074965697995562380e-02 2.447394838442163920e-02 5.341517717536113929e-01
-2.913898322553220427e-02 -3.387972305839239296e-03 1.196300822931481711e-01
-3.271658348942958067e-02 -3.141248557684955204e-03 1.261869943610277045e-01
-7.425846614340600449e-02 6.993615813540783252e-03 4.729736735117034407e-01
-4.556077983953114169e-02 1.120537641410920826e-02 4.951480193279539921e-01
-5.678678732732738571e-02 1.571724223495413880e-02 4.850995356784340018e-01
-2.340791011126329511e-03 6.166054508143171964e-02 5.134930214538520055e-01
-7.541172603897350335e-02 6.794192839322259377e-03 4.717893769822654182e-01
-1.225957202262662523e-03 7.573791829438906997e-02 5.127942384451896762e-01
-2.152369620862640970e-02 1.433895439456894447e-02 5.093885046194214228e-01
-6.622092825121264278e-03 3.947708638685806098e-02 5.129936318934670281e-01
-3.275767439339928588e-02 8.046169452919907025e-03 3.829285395526002000e-01
-7.066205291191436644e-02 -4.756212816501897457e-03 3.159222843700291716e-01
-2.901200290951813643e-02 1.334528277137675932e-02 5.048578213023212635e-01
5.882077356130339940e-02 3.121066415723540086e-02 5.461663713026302380e-01
-9.323367567052531779e-02 3.046227994435718109e-02 4.637952345270045518e-01
2.388937154804229510e-02 4.568684115043923633e-02 5.296639596291020657e-01
-1.120828822469291802e-01 7.403801900279886883e-02 4.168598469601831336e-01
-2.709967911425917308e-01 -4.285624584574546092e-02 7.226520431331401317e-01
-8.267868017267095138e-03 1.056294943427725681e-02 5.204518972930428644e-01
-9.858624944182597938e-02 9.764234061312543692e-03 4.346036922373263112e-01
-7.271617446090129777e-02 7.278799145804266089e-03 4.745765939708476155e-01
-3.118639028467748778e-02 3.009809218036195097e-02 4.994503532243899646e-01
-4.335340429579413735e-02 -2.365874981247912800e-03 1.433101987164705216e-01
-1.049793610446660835e-01 2.467078596570044819e-03 4.409844534746200084e-01
-7.627773830316374182e-02 -1.385146867758619595e-03 4.630130829177072083e-01
-2.875351876316421113e-02 1.335034986890506169e-02 5.045532350899296636e-01
3.701255950567188674e-02 1.026560333962226318e-01 5.311893725449403636e-01
-6.324963703418848629e-03 1.835721267970854415e-02 5.175023623801683348e-01
-1.086593032084048199e-01 8.268163889883686779e-02 4.253680983678612693e-01
-9.516135405951765044e-04 1.799830695637740299e-02 5.199975620120049769e-01
-1.379082286891609326e-04 7.478120339748388357e-02 5.133846968831865532e-01
-4.640701411633593731e-02 9.572890874258947053e-03 4.948642443500577692e-01
-1.095457957005923910e-01 -4.504359075894610355e-03 4.256869189336174308e-01
-4.987347933154451241e-02 8.081522613319531978e-02 4.885840429680683439e-01
-5.687433039708269383e-02 1.578337768888147044e-02 4.851828850527086789e-01
-8.484572198091273887e-02 4.624297491115503603e-03 4.643747502049721532e-01
1.228395206141369086e-02 4.351365022663564869e-02 5.221762524102689929e-01
-3.364627347749202940e-02 1.336601969720064773e-02 5.016155569958523630e-01
-1.099401025369698415e-01 6.358711241079753607e-02 4.153228429075696559e-01
2.327609595866664619e-02 1.047381247920529390e-01 5.248174731163994799e-01
-7.266739513408511375e-02 -4.830126250065916449e-03 3.197905081678708017e-01
-1.080012368336189105e-01 2.945828334688821437e-02 4.016865361523514477e-01
-4.968075991882993370e-02 2.130692005847917986e-02 4.887414982663770835e-01
-5.633303328032032015e-02 1.227222992308993760e-01 4.219180632364713524e-01
7.124268154849479340e-02 1.629330172921987230e-01 5.302075377171426851e-01
-3.857131379715435932e-02 -2.755675564485962712e-03 1.363084339412072854e-01
-7.183325457895319011e-02 -1.074865637395457747e-03 4.562794552889192778e-01
-1.967144417033716425e-02 9.107242745227783765e-03 4.039238707846147802e-01
-9.712666158416857765e-02 -4.537250362142992294e-03 4.530604623680662413e-01
-3.995872880079896078e-02 8.579017140849277967e-02 4.907782158214976098e-01
9.541912798142067678e-03 1.056482696017505413e-01 5.184148945554437615e-01
-1.737535457464392530e-02 7.553025249102783556e-02 5.045060058758745747e-01
4.474925741920628836e-02 7.177052383887462528e-02 5.349620737420445193e-01
1.037583842858383898e-01 5.406064817288605551e-02 4.141948505612976228e-01
-3.654551460955131337e-02 -2.890571987679154374e-03 1.329194850084823853e-01
-1.219291762286033587e-01 4.069132971588556441e-02 3.111195002506186857e-01
-9.061844339201409471e-02 4.295369729400551340e-02 3.793401214012370182e-01
1.535988690805401846e-01 1.470891004608289032e-01 5.682452189294304734e-01
-3.365710921515112364e-02 6.899186797335409016e-02 3.925655865928704968e-01
-6.297712964635354682e-02 6.837813391251320282e-03 4.835417411260284903e-01
-2.763825021868676068e-01 -4.287098570131486763e-02 7.326364009910134589e-01
-7.329298874800725672e-02 9.627577501966735549e-03 5.799310467976348527e-01
-6.712676808634278347e-02 -7.587254470569120219e-04 2.326657562696463344e-01
-3.632188204213974980e-02 8.404692107595081174e-02 5.139285660426947677e-01
-1.028355675758764465e-01 6.868656665812743374e-03 4.310234964807739821e-01
-1.012593009796077664e-01 -8.644452849395887779e-04 4.408086504719512799e-01
-7.760101612427902640e-02 2.980732059378354490e-03 4.686857176286864934e-01
-3.549412006160301142e-02 -2.948776098723694759e-03 1.310739355828436370e-01
5.842426291508101034e-03 6.313591837061993672e-02 5.168433788956858788e-01
-6.450161392972647567e-02 9.789531546222597289e-03 4.803810280776933395e-01
-1.125517312152485468e-02 7.570972094066126534e-02 4.967653829907036078e-01
-8.870318330071845503e-02 1.004384734741759905e-01 3.879348579975300249e-01
2.925693332446032205e-02 1.123179101333855734e-01 5.276491553486107877e-01
-2.052198772648851713e-02 7.275917162015666743e-04 5.403713188626441816e-02
-6.257927725196286983e-02 9.028095832038221524e-02 5.125533006062976682e-01
6.278636448844698847e-02 8.773984307514429148e-02 4.833445334444841923e-01
-7.475447360406756170e-02 2.552564808455491316e-02 4.649205707638432994e-01
-1.126202985119641314e-01 -1.645904953626378935e-03 4.030881492990295301e-01
-6.300225851721211190e-02 9.015857205863340995e-02 5.130766607092700493e-01
-9.743866659052291546e-02 1.147803034693458263e-01 4.021635161325360919e-01
-1.248475747236431621e-01 4.501673671062075138e-02 3.355841845776856847e-01
-1.162962918724603639e-01 -8.061180542821273429e-03 4.046922093548382948e-01
-4.533745724737590216e-02 9.714954225097884380e-03 4.952715341885159384e-01
2.607177300805557305e-02 2.240179325439578192e-02 5.326809185050402906e-01
-2.737779944335386878e-02 1.206568080379954132e-02 5.055060560705670891e-01
-9.882525069581667154e-02 4.395366603798024976e-03 4.342455822465088877e-01
-1.288883649165144599e-02 3.989645836993720163e-02 5.095715100137099274e-01
-5.742144899419013293e-02 1.448932184740445855e-02 4.851410121993472435e-01
3.004291110216897320e-02 2.021379727990532324e-02 5.344498636611624276e-01
-1.192198299104949427e-01 -8.358554003755245057e-03 4.104327001632503413e-01
5.617185900106170388e-02 5.889684079606721107e-02 5.355549841044040527e-01
1.572814030459841403e-02 4.578746851020175368e-02 5.234947552094894041e-01
-1.038591393289442083e-01 1.102908603267880733e-01 4.355814906265538800e-01
-9.613797418337327594e-02 -4.479800829501117028e-03 4.514285256709879568e-01
-3.278806538931395426e-02 1.348149986503223777e-02 5.023171152656719096e-01
-1.392534102735803851e-02 7.777669179847375436e-02 5.067330688917525139e-01
-3.082278849429365836e-02 1.377880276735233070e-02 5.049671658349887959e-01
-6.280677263854587619e-03 1.698388023975232197e-02 5.176727549825674846e-01
-1.219513278722898358e-01 4.059491183238220918e-02 3.289038566046323386e-01
1.361148329312280442e-02 1.921546576590206848e-02 5.272717694402507815e-01
-1.006969943394133982e-01 1.299660958578331303e-03 3.023511397902810538e-01
-1.124150575734912116e-01 6.005036576650274460e-02 4.087831158255949560e-01
-1.058095855820972570e-01 1.444183526507834868e-03 4.347675213472843581e-01
4.195612936947926835e-02 1.579892732519993792e-01 5.045203711652035405e-01
-1.058526625662422616e-01 3.628536378725985816e-03 4.396181081685254233e-01
-4.726222888786409809e-02 5.051839624407716833e-02 4.872650184742498558e-01
-5.346514672407842034e-02 2.889080928443670676e-02 4.835244079042016474e-01
-1.234676676465674139e-01 -8.817128805661347130e-03 4.187955633489874874e-01
3.448049897707178985e-02 9.723992081741815452e-02 5.299133096233685780e-01
-8.995207915787881148e-02 -5.092564732315113009e-03 4.560957880868954373e-01
-9.060983193021404647e-02 7.176820642644995973e-02 4.464133744711594742e-01
-5.867392162492399664e-03 5.994595824740342471e-02 5.122987858720291499e-01
-1.266264667497892515e-01 4.829610163978249882e-02 3.373450531283698761e-01
-3.129719889650738746e-02 1.306143302427350064e-02 5.026197629577938697e-01
-1.993692858900731127e-02 9.115122455878421626e-02 5.030394446493766658e-01
-1.074259777713554437e-01 5.528214189282836671e-02 4.144851288888529717e-01
-5.113409795481649485e-03 4.039617311460712984e-02 5.136628270761696147e-01
-1.005860520831795358e-03 1.511459266877170950e-02 4.344709302985814287e-02
-3.949589682565426280e-02 -2.682794874648948818e-03 1.377644639402928473e-01
9.526488393310149697e-03 1.452200516539000306e-02 5.262586734516981890e-01
-1.842449366854672504e-02 7.179034882215572233e-02 2.345811102647233637e-01
-1.799110445806569036e-02 1.661122627217727007e-02 5.106529270725397307e-01
-6.619708573557932241e-03 3.822234082132859589e-02 5.129947056045166542e-01
2.123374334965094992e-02 8.187080108537533873e-02 5.240787845651186938e-01
-9.995423174102892327e-02 4.196295569545944321e-03 4.255880393229077852e-01
-1.835079527731252672e-02 1.659786095832328431e-02 5.110596127758008089e-01
-6.370928177543520865e-02 1.027744493175641524e-02 4.773816335387757182e-01
-5.169915961770334134e-02 1.194450284533696560e-01 4.236074794335133453e-01
-1.056176903428451691e-01 2.324587428945088571e-03 4.253702378023330177e-01
-1.265456953587283384e-01 4.787871679727282587e-02 3.330169712806119731e-01
-1.038515518435803031e-01 7.692113605424821809e-03 4.300639179347842678e-01
2.700211001722546342e-02 2.246344653249192011e-02 5.317823363957835392e-01
1.241131491086042149e-02 4.385753806707819169e-02 5.219177170339193150e-01
2.842123071899332193e-02 2.407216798486897999e-02 5.331511753700907130e-01
1.538505188765285428e-02 3.144018775301599122e-02 5.252719848315927642e-01
-8.977481669500189665e-02 1.495468541715743241e-02 4.491552567003904706e-01
1.402824864147967920e-01 1.863540777772473844e-01 5.643038814161889238e-01
-4.462795606905355789e-02 3.580307839746737358e-02 3.732413788078309813e-01
-7.377341411147379791e-02 6.453316125957701474e-03 4.727076607064321645e-01
-9.472638438783852199e-02 3.071219125416053009e-03 2.732433439669762487e-01
-5.175510910946486826e-02 1.750996454908581787e-02 4.890248305603722700e-01
-2.690925129095970286e-02 6.569785715698543693e-02 3.985786985434898733e-01
1.236101726897125865e-02 1.100165451344104761e-01 5.195353134996888445e-01
-4.599268698953114937e-02 1.996583853972942833e-03 1.249597149053085082e-01
-7.174146561131457440e-03 1.503441510378790702e-01 4.540479663704238278e-01
-1.234815734850788511e-03 8.176624683572041377e-03 5.224264244553307179e-01
-1.109906892258990391e-01 -1.939712473008333522e-04 3.505517655542381705e-01
3.389403221300044122e-02 7.372429208390386679e-02 5.290881614852471770e-01
-2.497521327288665036e-02 8.912057824691088995e-03 5.075702380889617338e-01
-1.004216940210980874e-01 -6.108627279175014423e-05 4.421944598966604523e-01
-3.289681210038625930e-02 2.148071480022118937e-02 5.002238810749394249e-01
-7.913963763880252356e-02 2.850270297356766180e-03 4.709937744800993809e-01
-2.933104465271719682e-02 1.639194296118189759e-02 5.026648975987503265e-01
-8.902090102059019572e-02 2.956962314832589731e-03 2.650300919218053775e-01
-9.845091355398442878e-02 3.397836835854091235e-03 4.406544823020365764e-01
-2.086907587820983900e-02 7.090777734906522937e-04 5.457134872617495913e-02
-1.940732478987374637e-02 9.022225130297040208e-02 5.035743943687467361e-01
-1.071466238547097577e-01 5.607069990883097738e-02 4.159785701116922585e-01
-1.166128386558782683e-02 4.056154101834462400e-02 5.079524978299541083e-01
-4.341375752849221253e-02 2.189111172230169891e-03 3.446847359043717085e-01
-4.242394954119257239e-02 -2.458438519436715718e-03 1.421351094990155051e-01
-1.052381777033340321e-01 3.816400582108332717e-02 4.157759810782897802e-01
-1.028923077335808373e-01 7.509212872099697497e-03 4.304814998567686457e-01
-7.972817472616848533e-03 7.339270597126662521e-02 5.099554377095935065e-01
3.751710115154734126e-02 8.679456249841241422e-02 5.312202769674759795e-01
6.509214128783981888e-03 8.326911333910806678e-02 5.167327176303440073e-01
7.848847375934983606e-02 1.229088349799595387e-01 5.304171615823835007e-01
3.091381157214005086e-03 7.335923369659524962e-02 5.153867114494115054e-01
-5.667485754834793166e-02 6.835116404558304846e-03 4.885223558426031731e-01
-2.874779938648926447e-01 -4.552098672541488728e-02 7.566576821857364799e-01
-1.066465205707207153e-01 5.576660420127825535e-02 4.179305080010018436e-01
-3.271906154300779912e-02 2.090218226458803383e-02 5.006605873933370754e-01
-6.004201163392084567e-02 4.660379249155950643e-02 4.924766337663344373e-01
3.224770870440935543e-03 7.392502287938594596e-02 5.149726084849642893e-01
-9.874715794377627101e-03 6.397075653305675513e-02 5.091809132964549844e-01
-1.400304249238006754e-02 1.685431893843236315e-02 5.131947601220658850e-01
-1.018464085246343770e-01 1.594301578986032433e-02 4.167703005025338303e-01
-1.206455985692157784e-02 9.982040927809819608e-02 5.078709930178931797e-01
-1.686075191581182242e-02 8.893212769330495482e-02 5.051835336225777295e-01
-9.265804360127223582e-02 2.979261625304016441e-03 2.706407616391905968e-01
-2.423538354355875973e-02 6.433424717799963999e-02 4.016830096445935250e-01
6.503607088664953295e-02 2.457002954086317040e-02 2.252550186294104140e-01
-8.977138021624100905e-03 9.636713494905050845e-03 5.181760004905392458e-01
-4.663101257569134822e-02 2.000808037068180743e-03 1.258226094238798221e-01
2.590819522775367201e-02 2.235441328130941332e-02 5.328447518999984700e-01
1.780224485856612970e-02 7.666833800163090629e-02 5.223494308219318594e-01
-6.746180926618568219e-02 9.290368015196627180e-03 4.788990052099014738e-01
-7.197700827582648175e-02 1.103985331021865857e-01 4.045804507508090619e-01
-7.622762906831363414e-03 1.046877790380798502e-04 2.049575289636556066e-02
-1.107337179798923987e-01 -5.867458376228892533e-03 5.928199607719665254e-01
-2.365278918345253834e-02 1.069457100825031183e-02 3.986788149394470682e-01
-1.070430005636395510e-01 5.576229801470971442e-02 4.184459125060305262e-01
-4.667928028590970918e-02 6.881428538912122417e-02 4.862176991545368310e-01
-9.919648830268015804e-02 2.511699761502062846e-03 4.358472480006198024e-01
1.861144638583107219e-02 7.667079916319589905e-02 5.230223265168745250e-01
1.546547189512975096e-01 1.470086301505751647e-01 5.686905035830231991e-01
-9.316629929539584076e-03 1.471538869335268856e-04 2.529398534079120575e-02
5.051914120264744401e-02 1.520491842725834319e-01 5.127806874128838510e-01
-3.102055238644724905e-02 1.160637618774237705e-02 5.044124248426729018e-01
-1.048993275003404918e-01 -7.187837455041424552e-03 4.446280249053010669e-01
-1.060134649620524117e-01 3.805283686899444545e-02 4.116459282054551472e-01
-1.463936228168461091e-02 3.447851078566920024e-02 4.075103059280004159e-01
-2.972973890701998204e-02 1.320274457596202766e-01 4.441296468420517507e-01
-1.600306148128659636e-02 4.631278544126272989e-02 5.068979394370275449e-01
-2.496662743343751323e-02 1.429927192411560022e-01 4.556947917948879212e-01
-8.438279639435890267e-02 4.129458529896869352e-03 2.417772323294339887e-01
1.442625415757650409e-01 1.757546328953900339e-01 5.664620713518973005e-01
-4.426495892751591138e-02 -2.273604287356817411e-03 1.443754211008542176e-01
-2.592407359781852966e-02 8.865331784496785841e-03 5.086821202781511841e-01
-1.673804337372513176e-02 5.327211851979447160e-02 5.054790139923752701e-01
1.451162088206189027e-01 1.759077605089040819e-01 5.659275298359700557e-01
1.885623740573847198e-02 7.587871034330728737e-02 5.231754879000520830e-01
3.951688190208966361e-02 9.785882344181912051e-02 5.325204950673022575e-01
-4.802559283089050113e-02 1.911965599549125469e-03 1.284062060098115909e-01
-5.099643645468422692e-02 1.864814392957915914e-02 4.884389499433430260e-01
-1.140307542027740179e-01 5.676070671427393272e-02 4.038074968678790344e-01
-5.667831401629052496e-02 1.832469541341475577e-02 4.849197290368413293e-01
-1.261534699837253137e-01 4.868569420280903504e-02 3.360422242681771476e-01
-2.422778328586273205e-02 6.399765059490394870e-02 4.020248629446797062e-01
-5.696532526571684851e-02 1.412341120671333113e-02 4.853568406639489075e-01
-1.104228057702276583e-01 -9.020236541122282018e-04 3.708861763929320876e-01
-3.511619231568508664e-02 8.179096698863114190e-02 4.939448610845900145e-01
1.353948223527114830e-02 2.209026842460685980e-02 5.261450476378667362e-01
-1.590162184408790841e-02 1.153458159597317220e-02 5.122512184597108886e-01
-4.049760669781796857e-02 -2.613647833096757137e-03 1.393402623353675318e-01
3.748649694445486957e-02 8.486564285680364694e-02 5.309352737056988181e-01
-2.315770117102625147e-02 5.707907563654119470e-02 5.016451837651525469e-01
3.083831836947295221e-02 1.652419245049768226e-01 4.889572838700335100e-01
-2.960139190719809910e-02 3.697955211587809765e-02 4.813685306185108148e-01
-1.026838207355460081e-01 4.391811880880850533e-02 4.176426743563528832e-01
-4.547851013440772257e-03 -5.770749234154387433e-04 4.363430737680017435e-01
-1.198982324778150171e-01 3.814007890846057847e-02 3.055245606608419373e-01
-1.124075932168725790e-02 2.380941114427685343e-02 5.131007025017090273e-01
-1.065768489403583624e-01 5.532302335616703232e-02 4.171764172213507926e-01
-8.961105599231974916e-02 3.458150099322137433e-02 4.446923565212820839e-01
-1.080247599604833436e-01 3.098026886514856568e-02 4.024744355286398734e-01
-9.548703811854521162e-02 1.657447050466748575e-02 4.315375245309446273e-01
-2.102471148334781118e-02 4.973170126552217338e-03 5.123656814878607690e-01
-1.031613661824017925e-01 -7.884719515155800065e-03 4.392843367815371103e-01
-1.148603877839692901e-02 2.986774441400600125e-02 5.117924393084706258e-01
-1.046980062488183788e-01 2.969784388441486581e-02 4.148643642957648425e-01
-5.490152225060735552e-02 3.773993407842704539e-02 5.421067466173570271e-01
-1.017195722958709608e-01 2.329091562225630348e-03 3.013018596963172868e-01
5.042134017467381213e-02 1.388090521599126548e-01 4.821362168322035346e-01
-1.042544580401853910e-01 2.598373492160061318e-02 4.133475156778250725e-01
-5.509889003450110789e-02 3.920066770526336140e-03 1.908012505042473161e-01
-5.969535189570981948e-02 1.061834227258856567e-01 4.178968787039403776e-01
-5.294061965764822880e-02 1.691289121786792790e-02 4.878527862605157028e-01
-2.147717935580634521e-02 1.060411925455160068e-02 3.997315375144603888e-01
-9.332577736278343736e-03 7.641026565890264577e-02 5.091883565216055452e-01
-1.579918178426776773e-02 1.449717016031112082e-01 4.408974132768189724e-01
-1.604334928487584702e-02 9.939081407262617684e-02 5.055468442984077937e-01
-7.068086493705290352e-02 1.075962027251990694e-01 4.077009812308059478e-01
-6.428242525210743630e-02 6.933315428715580708e-02 5.289583981907464150e-01
3.420872885426393811e-02 9.606143752636524258e-02 5.296014843681373652e-01
-3.682117210272417562e-02 8.133079729763140198e-02 4.931411740338315641e-01
3.985770236633928015e-02 7.960836021756509395e-02 5.326603432718008957e-01
-1.008263289320647099e-01 -4.841804455894476583e-03 5.805609883900449963e-01
-9.690162988522667276e-02 7.695780747099631447e-03 5.745289354114032632e-01
-1.063387186941174706e-01 2.533649683813550893e-02 4.452402768557750523e-01
5.624485341253850773e-02 1.439119154643611898e-01 5.150354102902452436e-01
-1.750794994753135034e-02 1.172247357386146070e-02 4.064264521437422339e-01
-5.610118614277510851e-02 2.019591508340926045e-02 4.840079907786324909e-01
-7.588895217523783723e-03 9.693599930223553360e-03 5.166555139861260804e-01
-3.595322071629683536e-02 3.578650594901145593e-02 4.954403109990992982e-01
1.604869879715357939e-01 2.773452556786899607e-03 5.786394851211947854e-01
1.501827916347489751e-02 1.766146273543941353e-02 5.276383202804344474e-01
-4.579274782449570258e-02 6.873134463980103137e-02 4.874970205877563467e-01
1.670916673170496844e-02 1.553807271608782271e-02 5.297030466867963527e-01
-5.452354308942208849e-02 2.551211463744648689e-02 4.835803052012248027e-01
-3.577696924744998286e-02 2.679493514719470670e-02 3.690719467804846055e-01
-6.660027284383386592e-02 2.538174497622686359e-03 1.836669874802320246e-01
-5.085648557920533636e-02 2.311383022783521785e-02 4.876763661184261855e-01
-8.993997400558451094e-02 9.723952846535759142e-02 3.871760413043277005e-01
-1.066546605355759569e-01 3.756702306589198431e-02 4.050220986393757161e-01
-3.860107051398250361e-02 8.104894750007402004e-02 4.916866885695284073e-01
-1.260739630609545303e-01 8.544098787472334533e-02 3.500855305391027406e-01
-8.889974333930147563e-03 2.867431638800565369e-02 5.139066981879852891e-01
-1.459228335078418745e-02 1.103703913977110151e-01 4.579244355647529297e-01
4.122579513193139200e-02 7.521756756851812054e-02 5.334682746034292711e-01
-9.033737361911325925e-02 -3.802063294619841601e-03 5.675839629131089747e-01
-5.413191414619054204e-02 2.524243438957822147e-02 4.832479290387525217e-01
-9.721094766656832031e-02 -8.082920514155576136e-03 4.514567212853644596e-01
-6.767692192610685886e-02 9.425583300775466564e-03 4.773216841836716018e-01
-1.032046238190951343e-01 2.097543461696712089e-02 4.219585333472409272e-01
-3.229820507823994574e-02 8.498641906385119224e-03 5.161565328339252634e-01
-7.716945392200544318e-02 6.675361747201154217e-02 4.193679337895251935e-01
1.487981706362612178e-01 1.855636092689542105e-01 5.682000023292544943e-01
2.336862291031502684e-02 1.979643560408741662e-02 5.331597233558046378e-01
-5.240095979162831541e-02 1.063408330924769593e-02 4.085394586456347343e-01
-7.011982617365167605e-03 5.028727861108184087e-03 4.816425055336598371e-01
-1.077455245571297127e-01 2.735674413045344547e-02 4.264327739650133897e-01
-2.335447252385099148e-02 1.585864896079353450e-02 5.080302003256256249e-01
-3.923944235968712842e-03 2.088330350762141602e-02 5.179924417168174644e-01
-1.030756370939833327e-01 6.297758766941841287e-03 4.204351867993798564e-01
-4.616500435092802529e-02 6.549882209405738509e-02 4.945108127304324031e-01
-1.202052339783424989e-01 6.220466864787727729e-02 3.478857915583641325e-01
-5.844713500444855686e-02 9.516543292347788910e-03 4.860534441340266798e-01
-7.014110802018283519e-02 6.521043449067491504e-02 4.682634476536082779e-01
-9.759351002069682757e-02 -2.390866269648877617e-03 4.484407541680308085e-01
1.668282016809525051e-02 1.789672494571673683e-02 5.278482633562829873e-01
5.827635386724987210e-02 9.745921074212299251e-02 4.808600331377987924e-01
1.098193429625339383e-02 1.808352360679809159e-02 5.228906966378973342e-01
7.890316350937720546e-02 1.570670391719661552e-01 5.328266715654360608e-01
-9.906752632061369135e-02 1.308392887006143250e-03 2.995908150154085181e-01
-1.037950308796872223e-01 2.752034503580850708e-02 4.148361936561158481e-01
-1.237817539473619506e-02 1.056349506737421125e-02 5.160796465051592508e-01
-1.064284366464243181e-01 7.383640406520035858e-03 4.229640187530540607e-01
8.630277344472837842e-03 1.796152485899790707e-02 5.253026820412599607e-01
-2.451446298885159858e-02 7.059613914501357279e-02 5.005931599543153032e-01
-1.948775530785584395e-02 4.356310292080715213e-02 5.050177635361019490e-01
-1.147767408965385399e-01 7.590788347401553060e-02 3.224579297646547604e-01
5.390407032336243937e-02 1.019946341006895824e-01 4.781311301141359937e-01
-8.950815477683271570e-02 8.314627207346013404e-02 4.487384201696920649e-01
-2.624176354720544890e-02 1.441171150890449837e-01 4.509024399211248313e-01
-1.557897325950223857e-02 9.951865919573445185e-02 5.050227066274262100e-01
4.305471504758170975e-02 3.527177570262176459e-02 3.898697630326701802e-01
-7.062497954471908673e-03 1.904820871411859462e-02 5.164895640638409446e-01
2.523139960557154587e-02 1.618912287612873646e-01 4.589891331696022148e-01
-5.937589570233360592e-02 2.736235412366803954e-02 4.796699777183689450e-01
9.556886183191379280e-03 2.047568163949701689e-02 5.237809825224662985e-01
1.264650753460820065e-01 1.272966534710914255e-01 5.609423194946889790e-01
2.811833099911126635e-02 1.663411619890647064e-01 4.840207364409058188e-01
-5.285298276316788973e-02 9.319973212789689487e-02 4.821363012706989526e-01
1.831208263015231610e-02 1.816620399554314674e-02 5.287700492993347989e-01
9.847912712745961195e-02 1.195891478296947641e-01 5.401304945221232501e-01
-6.115576482432650424e-02 -1.010866816891831029e-04 4.887652761580935090e-01
-2.472123088725491913e-02 7.439003706209408595e-02 5.006774774098006198e-01
-4.554628597027116782e-02 6.881881300883882502e-02 4.871507676794565311e-01
-4.820679276903812316e-02 1.254265685300773869e-01 4.098197705235167021e-01
1.294564311259958633e-01 1.278696925425258368e-01 5.588285136945764231e-01
-3.599869524573070384e-02 2.604037621217486845e-02 3.700336210951525318e-01
3.877804544877727633e-02 7.950962305862703527e-02 5.322524289963375121e-01
4.787740486161901825e-04 1.585969979125616269e-02 5.208567090639697472e-01
6.152262553478639318e-02 1.099520976540972611e-01 3.613656353445575120e-01
1.526751911053364930e-03 1.601167624865484571e-02 5.215922734024541763e-01
-6.879877659653675648e-02 4.318468456261592009e-02 4.691766995864196654e-01
-1.475370895442253139e-02 8.964516916815444547e-02 5.059159506334768297e-01
-3.711102981144910606e-02 3.941660433050227230e-02 4.941737978580223456e-01
-1.036714671548624733e-01 2.765990752314338025e-02 4.164708804441759060e-01
1.192716943528247982e-02 2.082537375072152086e-02 5.252808200808735117e-01
-7.226350185369741219e-02 8.215818359449796049e-03 4.732143836594537301e-01
2.475182064209901014e-02 1.618595258431872463e-01 4.593954385025051379e-01
-1.676019116237119355e-01 -6.224339645719124611e-03 5.033951068779479732e-01
-1.217635936056888774e-01 4.169732576841285454e-02 3.042568069351169746e-01
-5.837150740048207415e-02 1.979379450564580298e-02 4.827078749067722496e-01
-5.230579902665934144e-02 9.335303514785768531e-02 4.828123476862496988e-01
-7.045561164496602635e-02 -1.164962023984272973e-03 4.798728632353463364e-01
3.928162256992554641e-02 1.520498344144445568e-01 5.036315228290259016e-01
-1.301904297047917422e-02 3.260700925518432436e-02 5.104824583545714001e-01
1.483397912737999813e-01 1.489863288105181260e-01 5.649764864272492915e-01
-3.129530124117865103e-02 1.047518804002468482e-02 5.023068889032498152e-01
4.493775911809628348e-02 9.836310024397904028e-02 5.344209910580808298e-01
-2.523041339588179624e-02 9.599222603030400924e-02 5.001167620172839445e-01
-4.511457135348856395e-02 7.863795072248883078e-02 3.848113710453964220e-01
1.461516265010277260e-01 1.730946122263369580e-01 5.661654929368894473e-01
-3.112173760349701279e-02 5.194606017906924084e-02 4.970439204067280126e-01
1.532740726958205790e-01 1.391545679499267829e-01 5.675482201733482723e-01
9.364493880481854216e-02 1.459688984583538962e-01 5.450197615311966892e-01
-1.347896029756598044e-02 4.854418227659714857e-04 3.497620119451698428e-02
-2.981040882769343467e-02 7.487116157321714593e-02 5.106101864884260433e-01
-1.011176498860600660e-02 9.227572274865755708e-02 5.082526182033071382e-01
2.719984435875671264e-02 1.189671029802446267e-01 5.268574429572525641e-01
-3.635172808335300487e-02 1.459094864627860297e-02 4.996401582850572565e-01
-1.366634559994277763e-02 4.937780104732449743e-02 5.065918522591562612e-01
-5.086795759754105667e-02 8.452175201271366900e-02 4.833788059316234120e-01
9.411567591073152772e-02 1.355601633085683488e-01 5.484633163069581041e-01
-1.189605236527238874e-01 4.256246512276565946e-02 2.976274971203853870e-01
-2.918548152071719359e-01 -4.527443773613819278e-02 7.647645563327193363e-01
-2.309215726180391740e-02 4.871020885564592354e-03 5.147439021726140096e-01
-9.073555807617059155e-02 1.119991245838971965e-02 4.490328208861224524e-01
-2.854617208232458972e-02 5.419141142877286106e-03 5.066908058126516901e-01
-3.228502756328009184e-03 1.467962623079139273e-01 4.266790712771411087e-01
-3.742545878235212231e-02 3.878877480981017794e-03 5.177895076392118323e-01
-1.079377740456708284e-01 3.283052937499657958e-02 4.046188163481059252e-01
-5.421314155923935216e-03 2.782046352404521361e-02 5.149542109953679780e-01
-1.187417047080557148e-01 5.943425523210656841e-02 3.404745594252320817e-01
-1.944483788115787884e-02 4.344046812598543333e-02 5.050401474809800284e-01
1.473936732711493558e-01 1.627755962189414707e-01 5.661386992828409959e-01
-5.388465912349274523e-02 1.255725940332415858e-01 4.245187764215930804e-01
-2.867890124077190350e-01 9.099458127942400103e-04 8.038362893500710094e-01
-8.089737687781894948e-02 4.513546188303821372e-02 3.393237193481222214e-01
8.891230231145876711e-03 2.042581258557792101e-02 5.244660385469076536e-01
-8.305729962299539249e-02 7.059820420254432627e-02 4.547603822480986713e-01
-5.822049250572083195e-02 9.832503557267167904e-02 4.957025797789442745e-01
-4.349886966715316161e-02 1.263619029258493953e-01 5.778362181797866981e-01
-3.162821991754762030e-02 5.181610185655165235e-02 4.976859934132399355e-01
1.107040820439993273e-01 1.703813603241106922e-01 5.670966354192520376e-01
-1.171919654005347811e-01 5.243763632869495595e-02 5.885191913399784314e-01
1.109937470832385170e-01 1.702957332645545774e-01 5.669967515833413962e-01
5.321808876498010377e-02 3.116676492065116252e-02 5.430540742679619282e-01
2.786039308888282884e-02 1.202483400283973491e-01 5.269529350723595185e-01
-8.079893943240377963e-02 7.279826412487982665e-03 4.607120426219639686e-01
-2.347865246448918586e-02 3.751281363475521269e-02 5.034145446424034276e-01
1.501685888482230113e-01 1.579380405349349870e-01 5.671867610794013581e-01
-1.170427396244421714e-01 6.253663186776325933e-02 3.498288882075114570e-01
1.599734832732375685e-03 1.587102580162162713e-02 5.215396711641862026e-01
-1.298234025917507223e-02 3.023440830376839319e-02 5.110611510830399551e-01
-2.848675266706507392e-02 9.173639916797005078e-02 4.981551560446588756e-01
3.363072237874457047e-03 1.606812738957178431e-03 4.077915629896089467e-02
8.140887006500150541e-03 3.288665049732487217e-02 5.212421063301206914e-01
-3.430334944194532443e-02 1.048180867405005059e-02 5.022133116796158037e-01
-1.109808304092803899e-01 6.421106878422504216e-02 4.152524107465158099e-01
-1.094129623426353809e-01 8.656498267160656068e-02 3.421752147904418284e-01
1.116945445692696659e-01 1.704504211544133063e-01 5.665230063727128007e-01
-5.919462374250793191e-02 5.798749390923423758e-02 5.707791343838407583e-01
-3.889574092667147376e-02 1.406365539107593508e-02 4.991284121965464671e-01
1.655865521571165885e-02 1.733511053789879575e-02 5.284212815971192079e-01
4.499038269532677076e-02 1.531656114507906619e-02 5.426569223866835046e-01
4.239283008663202040e-02 7.786008214378239978e-02 5.324540484467242818e-01
-6.743598622965409073e-02 4.239810341391454795e-02 4.845218205708907155e-01
-9.990115730224401192e-02 4.788400108941461009e-02 4.257714019989933263e-01
-5.041933245371573585e-02 8.942425803675047025e-02 4.837469754653047627e-01
-7.307742485307162916e-02 -2.240921388219696293e-03 4.809895595722984973e-01
-8.613746151244586202e-02 -1.142452886520371867e-05 4.657537744343792641e-01
1.079379416914407266e-02 7.057657319155784259e-02 5.192934944429788979e-01
-8.749257174316220353e-02 3.650035780193004731e-02 3.709617963398688101e-01
2.905924754226104842e-02 1.095211197912582257e-01 5.274852315022802163e-01
-4.879055817942471764e-03 3.055293788722092396e-02 5.150527308471762877e-01
7.746816341795062857e-03 1.790468982992679536e-02 5.262104025439572341e-01
4.380491031862070866e-02 8.694529407443032931e-02 5.344256760681881380e-01
-2.575327446523005895e-02 1.553373964761759103e-02 5.067475716871534530e-01
-3.863446986589765680e-02 8.905636051661239283e-02 4.917326749227818317e-01
-6.156239839713247008e-02 6.015649159799955903e-04 4.899597305960285420e-01
1.494003257861621914e-01 1.432215659348253511e-01 4.911546868545825784e-01
-1.185996273503041459e-01 3.435278579538490057e-02 4.431178655365709540e-01
4.185433425024383258e-02 7.775045868703077401e-02 5.329568732535500120e-01
-6.745330917316978703e-02 4.217805436785795198e-02 4.847058160783169201e-01
-7.298527162878019892e-02 4.471404113578218015e-02 4.813244548680623014e-01
-1.089309855805555144e-01 5.618759753823781428e-02 4.126573392385222694e-01
4.112593964096438598e-02 9.709482955198769916e-02 5.326211037804776671e-01
2.702952238692255330e-02 1.888126707101143650e-02 5.345721979943488522e-01
3.151141283716209912e-02 1.093283314648893639e-01 5.288332893587308625e-01
-5.744009984129740815e-03 7.562310326094022483e-02 5.801165058660624485e-01
-9.972664061741801089e-02 4.809737892452821406e-02 4.286343296221347132e-01
4.103673902590833367e-02 8.012693325320423277e-02 5.332450882438127815e-01
-4.138411991681073890e-03 1.466801907528887949e-01 4.276297338345528276e-01
-2.850035842034605998e-02 8.804173523154693037e-02 4.982050167365640880e-01
1.215770389783908147e-02 9.457391987228055963e-02 5.192776629735632588e-01
-6.910857514794833956e-02 6.555230341902523739e-02 4.666749419592643999e-01
-6.542344895793673898e-02 3.655300867419321916e-03 4.803396290691321346e-01
-4.396764438860889523e-02 8.431204796892684261e-02 2.550938701277244425e-01
-9.348214616242676855e-02 1.521097412580779858e-02 4.468163607611437826e-01
-6.385461238450002019e-02 1.967244194212518834e-03 1.768098632009545423e-01
6.857840655108539407e-02 1.651661158293609988e-01 5.273490592265268617e-01
1.820242783216988181e-02 1.547016014922652886e-02 5.282311378516683087e-01
4.174917870771398948e-02 8.129532601716220330e-02 5.332230922947442942e-01
4.673249654929145791e-02 1.639764530039279633e-02 5.436739922740396747e-01
-2.221313519626634814e-01 -2.163611218607102912e-02 6.817574528390469846e-01
2.572323462744679698e-02 1.409490620751387147e-01 5.108993512531444514e-01
-1.940788272366797754e-02 6.617932873408336955e-03 5.101834719117502859e-01
-2.587091154182069586e-02 4.128090387917844606e-03 5.122550112080506146e-01
-1.091671252938586217e-01 2.111099954380910634e-03 4.144461377609352515e-01
5.550893399332109540e-02 2.510570539893975522e-02 2.932522214109856695e-01
4.716844129724485912e-02 1.643568886554789762e-02 5.432815477770495116e-01
7.113988190074180262e-03 8.713870421615529938e-02 5.172348735313136991e-01
4.661826669803814660e-02 1.639645285269458741e-02 5.437762671905445044e-01
7.902754953515628289e-02 1.115590549218325594e-01 5.392494185693020858e-01
-1.613274240925455516e-01 1.087925123849006748e-01 4.513841166569823038e-01
-8.574196596762427569e-02 7.600242084401342968e-02 2.971011589149010756e-01
-1.116001523644270278e-02 4.490473923994934419e-03 5.152668810108438358e-01
-2.055209019066790016e-02 4.849571467505878197e-03 5.138263045965920650e-01
1.450067163941987786e-02 3.866123469961542380e-02 5.236979774864681803e-01
-8.178979611073455835e-02 6.686298040345813737e-03 4.623710857636371685e-01
-5.110208840353509807e-02 8.859240404250719181e-02 4.832566088629377532e-01
-5.999723940162579594e-02 2.495836153984871963e-02 4.796422201738064217e-01
3.173185571539878513e-02 1.048912305592043792e-01 5.289078546656299507e-01
4.616056593048275744e-03 7.817670413728258771e-02 5.157389436778558878e-01
-1.091904348141363307e-01 4.962208075212368175e-02 4.112207078764757995e-01
-6.007650151459822951e-02 7.395982904354614362e-02 4.862131032595504720e-01
-1.087142842138816567e-01 4.828672283149210154e-02 4.025146442829856119e-01
-5.367548370578920786e-02 9.965269636963190736e-02 3.241160315845230677e-01
-1.128903431281805814e-01 5.892010823120008567e-02 4.070686993797070774e-01
-1.095544190921166477e-01 4.922813017502260940e-02 4.055985764069165445e-01
-1.414415264321913085e-02 7.554107240207953364e-03 5.170161577405336661e-01
-1.056001672146102410e-01 4.758532101715099577e-02 4.228728750777112078e-01
-1.057520216721325179e-01 -3.054231115221632282e-03 4.479713991730815970e-01
-8.590517883876722105e-02 2.953887364172514719e-03 2.599360750868291992e-01
4.670230060766258906e-02 9.171362337918380347e-02 5.349303795284258145e-01
1.318659520685233899e-01 1.923019245449679882e-03 5.649010628634936193e-01
-1.117688142586799466e-01 5.154775404791866328e-02 4.211703033752454695e-01
1.287398244599635977e-01 1.257399761693624380e-03 5.638823890666949668e-01
-4.527456750865982253e-03 2.515390451016669138e-02 5.164157585147269858e-01
-6.572860262513183227e-02 1.195335988827280205e-01 4.147268238497692217e-01
-5.855018004244361141e-02 4.022573066870345840e-03 1.971190299981484539e-01
-8.003077142782485942e-02 4.507381579884845585e-02 3.431548663576668434e-01
-1.126492867700510658e-01 5.284619316123294330e-02 4.015551265921373791e-01
-1.050583614731850218e-01 4.733672965981067238e-02 4.219497406385072091e-01
-1.229802470860755920e-02 5.903527120584167037e-02 5.078761012266127528e-01
-9.366362036449217554e-02 9.381939517153099761e-02 4.457897106991094427e-01
4.151461794197244121e-02 8.168903153238961379e-02 3.935548236994853011e-01
-3.742303355355106054e-02 4.075505389179648330e-02 4.941818079994886315e-01
-1.165152099124844159e-01 5.371712583338560110e-02 3.944102117223603488e-01
1.401360178305974605e-02 8.840821667781974258e-02 5.206014485321790453e-01
-5.290659759962137998e-02 9.955890095162500675e-02 3.231032516460287662e-01
-4.298756378956639090e-02 7.640531404176630070e-02 4.693013228875420606e-01
-4.967671044450231582e-02 8.775518502713412772e-02 4.852220053600929117e-01
-5.235493514386854036e-02 -1.797594549199618523e-03 4.986893743693656122e-01
3.032066081070365279e-02 1.094749001835553653e-01 5.282486996469817342e-01
-5.269702134533606891e-02 9.232463623880010628e-02 4.821780974154534771e-01
-5.768705817130598962e-02 2.228698896665272031e-02 4.823915152677029083e-01
-5.152985959581326408e-02 1.043241976151485090e-01 3.356489108949778921e-01
-3.117611788857547681e-02 8.562684433961072900e-03 5.148414229803601749e-01
-1.790810086297364712e-02 6.905794929102593294e-02 5.044854406701752003e-01
-1.086835824772327957e-01 3.614014135498570812e-02 4.032742874620856011e-01
-5.938104105806427807e-02 7.406899124629795494e-02 4.853654248808557115e-01
-1.156529175382356583e-01 -5.341906769034641955e-03 4.054973576447231665e-01
-1.067657292643855588e-01 3.403585914147960051e-02 4.005636562660416788e-01
-3.788838326669399792e-02 4.406478168733701795e-02 4.933945799820566025e-01
7.923077348536601561e-02 1.047948966419927491e-01 5.345765458019731131e-01
-1.066765121379271569e-01 3.100584326074321342e-02 4.082645631824436405e-01
-1.069142383466793467e-01 7.945484533674439243e-02 3.312049846743592152e-01
2.857218145379392463e-02 8.234400576737059552e-02 3.789138022835715769e-01
-7.117776205646146603e-02 -8.612259200816053820e-04 4.779052216617588611e-01
1.305286045234133573e-02 5.459469893925782830e-02 5.210171262684564208e-01
1.384237279183838931e-01 2.562311181007704761e-03 5.681001737948344621e-01
5.425317472353174963e-02 1.036986358407853276e-01 5.378935127353410284e-01
1.466004847625476393e-01 1.852616007847875668e-01 5.694818555764885604e-01
-1.689733478555261945e-02 6.540332693843367573e-02 5.050845863273806247e-01
-8.846578422391240815e-02 -2.224529948285804528e-04 4.641503218774054029e-01
-5.578369938836299363e-02 1.265694179709894729e-01 4.223216929791416829e-01
5.545460173106918356e-02 2.592852557710599928e-02 5.449381063257593416e-01
3.194045477381442059e-03 2.089978718125610341e-03 3.938275293357800660e-02
-1.031634371682653428e-01 4.046001179146852672e-02 4.897763079509354633e-01
1.048933834990787434e-02 1.587119527014972387e-01 4.797286093635766413e-01
-1.464642105113651144e-02 5.749331601931924329e-02 5.067138322302788822e-01
-1.119228329891413798e-01 6.771927393762899872e-02 3.517148225579298515e-01
-5.505301258512114437e-02 6.672714802528002809e-02 5.145745422842937788e-01
-5.931104560247560387e-02 5.092572007029654013e-02 4.768894946284594760e-01
-2.154168672953222369e-02 7.350920149974355354e-03 4.006519408137992344e-01
4.584102727820931616e-02 2.495361758349264394e-02 5.410895306453397113e-01
1.804658628082910637e-02 1.764452091531907782e-02 5.282921708041228293e-01
-8.824393248875345500e-03 6.174994794084535943e-02 5.098690983910438845e-01
-9.140347672141602153e-02 2.371592237417008767e-02 3.984422832266307224e-01
3.635156761214375365e-02 2.334152880932230389e-02 5.371938350784994931e-01
7.135251396841330029e-02 5.478825158036131765e-02 2.163519922011098162e-01
7.930698295797103739e-03 2.035822142430346315e-02 5.254536086314144372e-01
-1.468994002190885696e-02 1.002481437542468955e-02 5.041358085349642026e-01
-4.989244836708987829e-02 8.761261104909894015e-02 4.838401672899058648e-01
1.304862709795912290e-01 1.263807524965380180e-01 5.431070130156905318e-01
-1.258082158605244583e-01 5.933668639570695291e-02 3.500746176952771460e-01
-1.085963348967605990e-01 3.165707487179948015e-02 4.006298604025673171e-01
-1.163548560820890504e-01 5.398798258899399627e-02 3.934402972612025540e-01
-4.532363828830437980e-02 8.029789562976077932e-02 4.874916088893700983e-01
-4.142316446267643726e-02 5.379686617060504966e-02 4.899978795018764544e-01
-7.008415448538656001e-02 4.161329481950058057e-02 4.679154757323555347e-01
-7.433207547793228842e-02 2.042157733233840311e-02 4.666128104998745196e-01
7.709967190234222334e-02 1.613729285362082155e-01 5.332054442775108205e-01
-1.508912314397767573e-01 -8.177673048995449945e-03 4.944643989619382785e-01
-2.240580420504163436e-02 8.593828474388355565e-02 5.009570627203392412e-01
-4.725580624571086574e-02 7.594551984853041560e-02 4.858161660929430914e-01
1.130254318676349005e-02 1.564912090783572296e-01 4.817311280078591662e-01
-2.183265511116050384e-02 5.676496674763484990e-02 5.025058169339094993e-01
-1.686097987187864522e-01 -1.075500519213670389e-02 5.280438672246307030e-01
4.603327675262502278e-02 1.403560146973935330e-02 5.429394882244742426e-01
2.562296125470144297e-04 6.663786121610001945e-02 5.135411470874025053e-01
-2.300107784006192799e-02 8.561971706002956262e-02 5.018039919246927161e-01
-6.854799506791157959e-02 5.978411828236233905e-02 4.689980496451906511e-01
1.270500705607448544e-01 1.616052539221130013e-01 5.956889638378730645e-01
-2.261423884524698877e-02 8.827533487272583301e-02 5.014145303550077148e-01
-5.787187901150023239e-02 1.007423579991712642e-01 4.924873215809397187e-01
-6.544839033965223207e-03 5.194367913094477540e-02 5.125899727952963891e-01
2.378220563299944523e-02 6.411159481593259324e-02 5.264869039191260036e-01
-1.178762459648012989e-01 -2.761265818864883179e-03 5.159946824069011617e-01
-1.108336515739209854e-01 -2.659114227372897602e-03 3.478756075714671270e-01
-6.966711074331775888e-02 6.941666960603888603e-02 4.655516771251207442e-01
1.980803356583915251e-02 1.949341228693254185e-02 5.293989340768565643e-01
-1.141233352920464628e-01 4.524953456624237341e-02 5.751196217358722773e-01
-7.471201721361250825e-02 2.218328196617745402e-03 4.757938317415185692e-01
-3.114621268975183432e-01 -1.250168131271173037e-02 8.387467884194391710e-01
-1.092032625162729226e-01 3.359099766132966902e-02 3.985721426941564172e-01
-5.143424698384484878e-02 1.043326010891440780e-01 3.355073966697843524e-01
-8.953338436488912644e-03 9.403820475169190340e-02 5.091240322234149573e-01
1.317064132813244026e-01 1.262429931247558423e-01 5.567287449562181578e-01
-9.015745941552945342e-02 7.772175145824546105e-02 3.094408612257775193e-01
-1.026564353777979915e-01 3.580725365513950237e-02 4.193570930149391751e-01
4.403938849896831681e-02 2.510031401365607831e-02 5.275971357173013798e-01
-7.226328498815631773e-02 5.542623529573545427e-02 4.838637422179516423e-01
-5.264809754116341056e-02 1.277261987895476902e-01 4.144362208239679157e-01
2.635260981857746182e-02 5.070945863305656442e-02 4.516846753471642217e-01
-1.285769597974124358e-02 3.102363385860624698e-02 5.109186741331064319e-01
-1.046583131645022618e-01 1.028111125885394078e-01 4.275896714541969623e-01
4.685865565038029035e-02 1.695070965470077684e-01 4.497173660298136033e-01
-6.761358148645284227e-02 8.912387950169306516e-02 3.056014460231338825e-01
7.184743453681077807e-02 1.638989698916399063e-01 5.285567420646267722e-01
-8.477154389296492898e-02 6.963194328827678435e-03 4.588711089180819158e-01
4.542123622692171431e-02 3.298468748276174589e-02 1.930104629965314345e-01
