0.01061 0.0159 0.55523 250.0 250.0 250.0
0.04663 -0.00495 0.56292 239.0 241.0 240.0
0.04692 -0.00498 0.56284 240.0 240.0 242.0
0.10257 0.03103 0.58898 236.0 236.0 238.0
-0.07534 -0.00476 0.50299 205.0 205.0 205.0
0.09715 0.03066 0.58717 239.0 239.0 241.0
-0.10548 0.04485 0.51136 242.0 241.0 239.0
-0.11007 0.04614 0.51066 255.0 254.0 250.0
-0.07534 -0.00483 0.50306 204.0 204.0 204.0
-0.03568 0.0246 0.53951 242.0 242.0 242.0
0.08848 0.04621 0.58844 56.0 62.0 62.0
-0.08503 -0.00311 0.49679 242.0 241.0 237.0
-0.08498 -0.00301 0.49703 241.0 240.0 236.0
0.11263 0.03145 0.59199 242.0 240.0 241.0
-0.04596 0.04489 0.54146 47.0 42.0 39.0
-0.01943 0.02325 0.56665 57.0 58.0 42.0
-0.09047 -0.00903 0.48957 208.0 208.0 206.0
-0.00409 0.02811 0.5528 62.0 60.0 45.0
0.10713 0.03631 0.59126 60.0 57.0 50.0
-0.10585 0.04422 0.51106 242.0 241.0 239.0
0.08825 0.04201 0.58728 42.0 44.0 41.0
0.09139 0.03539 0.58621 93.0 98.0 91.0
-0.08967 -0.01414 0.48689 203.0 203.0 203.0
-0.0446 -0.00961 0.52438 253.0 253.0 253.0
-0.08487 0.02861 0.51378 200.0 199.0 197.0
-0.01645 0.02551 0.54731 238.0 238.0 238.0
-0.03262 -0.04505 0.52423 251.0 251.0 251.0
-0.04738 0.04672 0.54164 254.0 254.0 254.0
-0.04442 -0.02139 0.52023 140.0 150.0 151.0
-0.08479 0.02843 0.51395 203.0 203.0 203.0
-0.02056 0.02497 0.54518 234.0 234.0 234.0
-0.13222 -0.00405 0.47377 97.0 113.0 129.0
-0.01322 0.0301 0.55148 65.0 76.0 68.0
-0.13741 0.00296 0.47882 63.0 58.0 38.0
-0.02692 0.03032 0.5442 64.0 75.0 67.0
-0.13226 -0.00417 0.47371 97.0 113.0 129.0
0.0433 0.06249 0.57903 25.0 25.0 23.0
-0.01158 0.0308 0.54985 27.0 32.0 26.0
-0.04403 0.04052 0.54111 172.0 150.0 129.0
-0.03373 0.0393 0.54447 202.0 214.0 200.0
-0.05477 0.04333 0.53597 87.0 94.0 87.0
-0.09682 0.02827 0.50806 202.0 203.0 205.0
-0.13503 -0.03388 0.45019 38.0 43.0 37.0
0.11096 0.03362 0.59188 67.0 63.0 51.0
-0.09673 0.0283 0.50798 204.0 205.0 207.0
0.04347 0.0624 0.57897 21.0 22.0 17.0
0.03084 0.07373 0.57801 37.0 32.0 29.0
-0.1008 0.04323 0.5126 32.0 27.0 21.0
0.16753 0.00294 0.5964 173.0 191.0 153.0
-0.13645 -0.01075 0.47084 62.0 63.0 49.0
0.08017 0.07281 0.59323 42.0 32.0 30.0
0.09213 0.03853 0.58739 45.0 46.0 41.0
-0.08534 0.02725 0.51251 190.0 192.0 191.0
-0.08933 0.04894 0.52145 61.0 44.0 37.0
-0.06978 0.0303 0.52246 21.0 16.0 12.0
-0.10426 0.02844 0.50413 197.0 197.0 199.0
0.14331 -0.03167 0.57613 193.0 209.0 243.0
-0.10425 0.02853 0.504 203.0 203.0 203.0
-0.11945 0.04226 0.50557 25.0 24.0 20.0
0.07834 0.06732 0.59087 42.0 31.0 29.0
-0.073 0.03311 0.5222 200.0 200.0 202.0
0.14308 -0.03452 0.57495 62.0 74.0 52.0
0.01681 0.0181 0.55867 19.0 14.0 8.0
-0.12345 0.0786 0.52602 40.0 42.0 18.0
0.12529 -0.02513 0.58355 60.0 61.0 55.0
-0.07028 0.02972 0.5221 29.0 28.0 26.0
-0.09849 -0.00369 0.48704 20.0 21.0 23.0
0.06221 0.07038 0.58729 29.0 25.0 22.0
-0.06236 0.04417 0.53195 156.0 140.0 125.0
-0.04732 0.07532 0.55149 192.0 176.0 161.0
0.11216 0.03996 0.59361 217.0 216.0 214.0
-0.05184 0.05021 0.54044 53.0 40.0 32.0
-0.0628 0.04351 0.53221 76.0 62.0 51.0
-0.05266 0.04064 0.53515 50.0 51.0 43.0
-0.09015 0.05027 0.52074 58.0 41.0 34.0
-0.0332 0.07229 0.55591 34.0 29.0 26.0
0.01717 0.0185 0.55818 49.0 46.0 37.0
0.11599 0.04832 0.59743 54.0 35.0 21.0
-0.0777 -0.00595 0.50028 39.0 45.0 45.0
-0.05225 0.07428 0.549 46.0 28.0 16.0
0.00043 0.03126 0.55591 72.0 63.0 58.0
0.0307 0.06955 0.57701 39.0 42.0 35.0
0.14407 -0.0355 0.5756 106.0 115.0 94.0
-0.06373 0.07472 0.54386 84.0 74.0 65.0
-0.08535 0.03499 0.51588 195.0 195.0 195.0
-0.03284 0.07224 0.55579 36.0 31.0 28.0
-0.10171 0.04601 0.51374 227.0 224.0 217.0
0.0789 0.03718 0.58123 55.0 46.0 39.0
-0.0572 0.02787 0.52939 81.0 75.0 61.0
0.03037 0.06919 0.57741 35.0 38.0 27.0
-0.08564 0.03451 0.51661 195.0 195.0 195.0
-0.05591 0.07487 0.54697 71.0 61.0 51.0
-0.09899 0.03218 0.5087 95.0 96.0 80.0
-0.10755 -0.02288 0.46568 45.0 45.0 43.0
0.09384 0.03341 0.58676 64.0 64.0 54.0
-0.10338 0.00112 0.48858 209.0 224.0 243.0
-0.09543 0.04369 0.51555 83.0 74.0 65.0
-0.05912 0.02683 0.52753 132.0 129.0 124.0
-0.02883 0.03785 0.54576 82.0 95.0 52.0
-0.10337 0.03072 0.50583 82.0 76.0 64.0
-0.04469 0.04342 0.54182 170.0 146.0 122.0
-0.04761 0.05038 0.54268 255.0 255.0 253.0
-0.11417 0.08202 0.53057 61.0 56.0 37.0
0.15963 0.0398 0.59584 113.0 103.0 93.0
-0.05256 0.07403 0.54937 108.0 84.0 74.0
-0.10776 -0.02286 0.46583 46.0 46.0 44.0
-0.07744 -0.07018 0.47425 88.0 87.0 93.0
-0.04927 0.02138 0.53226 89.0 76.0 67.0
0.0452 0.00234 0.56352 28.0 26.0 27.0
-0.08398 0.03796 0.51722 196.0 200.0 199.0
-0.1598 0.0823 0.5161 30.0 33.0 4.0
-0.04552 0.0118 0.53074 252.0 252.0 252.0
-0.02905 0.0378 0.54594 99.0 117.0 59.0
0.07725 0.03681 0.58243 30.0 27.0 22.0
-0.03589 -0.04358 0.52324 19.0 16.0 9.0
-0.12588 0.08169 0.5266 45.0 47.0 23.0
-0.05345 0.05113 0.5402 58.0 43.0 36.0
-0.04718 0.07626 0.5518 92.0 78.0 65.0
-0.04039 0.04121 0.54308 74.0 61.0 53.0
-0.10842 -0.02285 0.46622 42.0 43.0 38.0
-0.0418 0.07479 0.55308 47.0 30.0 22.0
0.07012 0.01721 0.57518 223.0 224.0 226.0
0.03527 0.01572 0.56917 219.0 223.0 226.0
0.08341 0.03103 0.58309 63.0 53.0 51.0
0.00989 0.07568 0.57365 44.0 51.0 33.0
-0.04755 0.05063 0.54242 254.0 254.0 254.0
-0.10651 -0.0251 0.46492 65.0 62.0 53.0
0.15889 -0.03831 0.5806 32.0 42.0 31.0
-0.13927 0.00473 0.4798 210.0 222.0 246.0
-0.07727 0.07404 0.53639 42.0 35.0 29.0
-0.0456 0.05256 0.54464 56.0 33.0 25.0
0.08526 0.04872 0.58867 229.0 220.0 189.0
0.15927 -0.0374 0.58085 26.0 37.0 21.0
-0.07937 0.0612 0.52962 199.0 198.0 194.0
-0.09458 0.07965 0.53622 36.0 41.0 18.0
-0.09628 0.03134 0.50915 201.0 201.0 203.0
0.04533 0.00301 0.56356 25.0 24.0 22.0
-0.0588 0.07447 0.54564 50.0 40.0 30.0
-0.04849 0.02273 0.53281 37.0 36.0 32.0
-0.08454 0.03602 0.51421 197.0 198.0 200.0
-0.10477 0.00034 0.48813 209.0 224.0 245.0
0.08429 0.03793 0.58514 57.0 42.0 35.0
-0.07352 0.04652 0.52763 201.0 201.0 201.0
0.04548 -0.00092 0.56296 25.0 24.0 22.0
-0.05217 0.03213 0.53256 51.0 54.0 45.0
0.05117 0.06117 0.58067 62.0 61.0 57.0
-0.09349 0.05218 0.52123 69.0 44.0 39.0
-0.03849 0.02625 0.53878 63.0 52.0 48.0
-0.14068 -0.00675 0.47386 109.0 112.0 91.0
-0.07668 0.07194 0.53558 185.0 181.0 172.0
-0.08932 0.07007 0.52929 191.0 186.0 180.0
-0.04026 -0.01003 0.52652 159.0 131.0 109.0
0.03361 -0.018 0.5549 18.0 22.0 21.0
-0.06639 0.03166 0.52654 92.0 83.0 74.0
0.07836 0.07449 0.59293 49.0 38.0 32.0
-0.06645 0.03193 0.5263 49.0 36.0 27.0
-0.13868 0.08058 0.52133 20.0 35.0 2.0
-0.07386 0.07322 0.53798 112.0 102.0 93.0
0.05748 -0.01138 0.56459 93.0 97.0 98.0
-0.14688 0.05915 0.50806 208.0 220.0 120.0
-0.0869 0.00104 0.49828 21.0 20.0 18.0
-0.09526 0.04374 0.51541 83.0 74.0 65.0
0.0495 0.06934 0.58226 174.0 177.0 182.0
-0.05865 0.02715 0.5269 195.0 195.0 193.0
-0.07133 0.07175 0.53839 116.0 83.0 78.0
-0.04808 0.05652 0.54462 254.0 254.0 254.0
0.04634 0.0346 0.57193 31.0 28.0 21.0
0.06706 0.06211 0.58702 195.0 192.0 187.0
0.03233 -0.01461 0.55512 83.0 90.0 96.0
0.04716 0.03404 0.57214 32.0 29.0 22.0
-0.02471 0.02227 0.5431 87.0 70.0 60.0
-0.06338 0.04137 0.53178 98.0 88.0 79.0
-0.07172 0.07205 0.53822 192.0 170.0 157.0
-0.06963 0.0704 0.53837 92.0 64.0 53.0
-0.13795 -0.01593 0.46759 94.0 108.0 117.0
-0.11299 0.05834 0.51455 166.0 145.0 116.0
-0.03856 0.02549 0.53824 60.0 49.0 45.0
0.04907 0.06954 0.5821 176.0 177.0 182.0
-0.09974 -0.00912 0.4839 19.0 20.0 24.0
-0.10839 0.03101 0.50392 30.0 33.0 40.0
-0.1389 -0.00841 0.47244 136.0 151.0 174.0
-0.0395 0.03087 0.53961 89.0 75.0 64.0
-0.09993 0.03966 0.5116 143.0 148.0 142.0
-0.0692 0.04008 0.52692 12.0 8.0 5.0
-0.06067 0.02628 0.52655 196.0 196.0 196.0
0.0491 0.03175 0.57216 141.0 136.0 114.0
-0.09574 0.04398 0.5153 164.0 148.0 132.0
-0.03972 0.03082 0.53979 71.0 58.0 49.0
-0.02874 0.03297 0.54441 77.0 89.0 85.0
-0.01856 0.02185 0.54595 84.0 67.0 57.0
-0.04435 -0.01868 0.52123 127.0 136.0 133.0
-0.08662 0.00102 0.49808 27.0 26.0 24.0
0.05465 0.02945 0.57264 23.0 19.0 10.0
-0.09774 0.05547 0.52088 109.0 72.0 64.0
-0.08442 -0.0142 0.49111 188.0 186.0 187.0
-0.01246 0.02269 0.5482 54.0 45.0 40.0
0.04959 0.06969 0.58203 176.0 176.0 184.0
-0.09733 -0.00776 0.48488 71.0 78.0 88.0
-0.05969 0.03328 0.53025 189.0 189.0 189.0
-0.08845 0.03748 0.51591 61.0 54.0 48.0
-0.03345 0.03779 0.54424 103.0 117.0 100.0
-0.10038 -0.00504 0.48519 30.0 28.0 31.0
-0.07728 0.06627 0.53402 135.0 134.0 130.0
-0.09791 0.04369 0.51451 202.0 201.0 199.0
0.11255 0.03781 0.59346 186.0 188.0 187.0
-0.06967 0.07413 0.5398 50.0 40.0 30.0
0.03995 -0.01974 0.57141 5.0 9.0 12.0
-0.10921 0.0193 0.49324 201.0 198.0 193.0
-0.0422 -0.00621 0.52598 44.0 35.0 26.0
0.08864 0.07586 0.59693 191.0 178.0 159.0
0.00072 0.02745 0.55435 126.0 101.0 81.0
-0.03074 -0.04337 0.52546 20.0 19.0 14.0
-0.08861 0.03747 0.516 61.0 54.0 48.0
-0.0325 -0.04268 0.52476 181.0 191.0 192.0
-0.08671 0.03212 0.51428 24.0 19.0 15.0
-0.04723 -0.01673 0.52056 21.0 21.0 23.0
-0.13815 -0.01295 0.46933 233.0 248.0 255.0
-0.0389 -0.04381 0.52133 20.0 20.0 12.0
0.10377 0.06017 0.6007 146.0 157.0 117.0
-0.04145 -0.04966 0.51796 194.0 191.0 186.0
-0.09113 -0.00682 0.49054 27.0 26.0 22.0
-0.07677 -0.06824 0.47507 63.0 61.0 49.0
-0.08586 -0.01653 0.48778 32.0 28.0 27.0
-0.13193 0.06439 0.51389 77.0 84.0 66.0
-0.04185 -0.03151 0.51914 4.0 4.0 6.0
-0.06711 0.03577 0.52849 37.0 30.0 24.0
0.06869 0.07262 0.59047 228.0 217.0 197.0
-0.0448 -0.00236 0.5265 255.0 255.0 255.0
-0.13864 0.08056 0.52136 101.0 113.0 65.0
-0.08265 -0.00506 0.49769 92.0 101.0 106.0
-0.00941 0.03371 0.55215 88.0 101.0 92.0
0.11306 0.03542 0.59297 233.0 234.0 236.0
-0.09693 -0.00796 0.48542 74.0 81.0 91.0
-0.08919 0.06894 0.53058 186.0 181.0 175.0
-0.05076 0.02573 0.53247 204.0 202.0 203.0
0.09913 0.04288 0.60308 243.0 244.0 226.0
-0.09769 0.03761 0.51194 197.0 197.0 197.0
0.07042 0.03882 0.58059 88.0 86.0 74.0
-0.01496 0.04579 0.55572 254.0 251.0 244.0
-0.07692 0.07021 0.53625 194.0 189.0 183.0
0.04901 0.03174 0.57223 141.0 136.0 114.0
-0.14262 0.00509 0.48 209.0 224.0 245.0
-0.08716 0.03204 0.51427 61.0 54.0 48.0
-0.10961 0.04373 0.50965 179.0 179.0 179.0
-0.04221 -0.00032 0.52839 92.0 73.0 59.0
0.15405 0.03768 0.59297 23.0 22.0 20.0
-0.04497 -8e-05 0.52718 253.0 251.0 252.0
-0.0463 0.02619 0.53509 251.0 251.0 251.0
-0.11096 0.01747 0.49681 189.0 186.0 181.0
-0.04674 0.03361 0.53753 252.0 254.0 253.0
0.04655 -0.0204 0.55863 13.0 17.0 18.0
-0.04309 0.02811 0.5375 161.0 133.0 111.0
-0.0562 0.07964 0.54934 244.0 243.0 238.0
-0.01837 0.02314 0.546 49.0 33.0 20.0
0.04642 -0.02381 0.55781 5.0 11.0 9.0
-0.00065 0.07454 0.56764 25.0 20.0 17.0
-0.075 0.03764 0.52345 150.0 154.0 155.0
-0.07428 0.05339 0.52991 212.0 208.0 209.0
-0.00899 0.03622 0.55294 207.0 219.0 205.0
0.01228 0.07789 0.57533 244.0 244.0 242.0
0.15316 0.03605 0.59255 73.0 75.0 87.0
-0.03762 -0.05354 0.52048 195.0 192.0 187.0
-0.0311 0.0352 0.54438 97.0 105.0 92.0
0.09754 0.03441 0.58825 228.0 229.0 231.0
0.0093 0.00716 0.5523 52.0 42.0 40.0
0.10205 0.02021 0.58603 188.0 157.0 136.0
0.03347 -0.02529 0.55293 6.0 10.0 11.0
0.05524 -0.01367 0.56326 61.0 68.0 74.0
-0.09526 0.07904 0.53096 88.0 101.0 58.0
-0.09876 0.0363 0.50931 91.0 98.0 91.0
-0.12053 0.08175 0.52836 125.0 123.0 102.0
-0.02856 -0.0438 0.52646 59.0 64.0 60.0
0.03378 -0.01946 0.5543 18.0 20.0 17.0
-0.02003 0.02674 0.54633 219.0 219.0 217.0
-0.0496 0.0543 0.54328 57.0 39.0 35.0
-0.08756 -0.00687 0.49331 116.0 90.0 77.0
-0.04489 0.03836 0.54022 100.0 87.0 79.0
-0.00117 0.02951 0.55435 239.0 239.0 239.0
-0.01675 0.04116 0.55206 237.0 235.0 236.0
-0.08048 0.07326 0.53478 52.0 42.0 30.0
-0.08323 0.07512 0.5369 252.0 255.0 255.0
-0.04146 0.02772 0.53786 191.0 169.0 146.0
0.00857 -0.07522 0.52665 130.0 149.0 147.0
-0.0468 0.07944 0.55408 238.0 239.0 234.0
-0.05626 0.02962 0.52968 86.0 82.0 71.0
-0.08712 -0.00888 0.49243 118.0 98.0 87.0
-0.0896 -0.01108 0.48908 214.0 216.0 215.0
-0.08716 0.03189 0.51445 114.0 103.0 97.0
0.05211 0.03295 0.57203 37.0 37.0 29.0
0.07816 0.01343 0.57711 61.0 48.0 40.0
0.00926 0.07445 0.5732 18.0 17.0 0.0
-0.03999 0.05427 0.54515 53.0 33.0 26.0
-0.08314 0.05335 0.52473 106.0 103.0 96.0
-0.04687 0.00103 0.52528 30.0 29.0 27.0
0.03352 -0.02951 0.55196 10.0 12.0 9.0
-0.04156 -0.00728 0.52635 101.0 78.0 62.0
-0.10559 0.03397 0.50654 192.0 190.0 191.0
-0.0373 0.03809 0.5429 255.0 253.0 250.0
-0.01975 0.00078 0.53889 138.0 112.0 95.0
0.15559 -0.03196 0.58284 87.0 103.0 54.0
0.04913 -0.01801 0.56027 11.0 13.0 12.0
-0.08191 -0.00279 0.49865 108.0 109.0 104.0
-0.005 0.06832 0.56548 107.0 91.0 76.0
-0.13358 -0.01371 0.46714 200.0 215.0 246.0
-0.08323 0.05301 0.52516 95.0 91.0 82.0
-0.03296 0.04638 0.54759 234.0 235.0 219.0
0.04205 0.03097 0.57128 134.0 129.0 107.0
0.04459 -0.02563 0.54053 13.0 15.0 14.0
0.0339 -0.01935 0.5542 14.0 19.0 15.0
-0.02767 -0.04097 0.52807 23.0 18.0 12.0
-0.01723 0.02683 0.54738 241.0 238.0 233.0
0.06255 0.07479 0.58805 239.0 236.0 231.0
0.08983 0.0129 0.58062 53.0 40.0 34.0
0.0088 0.00949 0.553 97.0 80.0 72.0
0.03408 0.02918 0.56539 70.0 64.0 48.0
0.08603 0.04428 0.58724 247.0 247.0 245.0
0.02689 -0.03375 0.54711 18.0 15.0 8.0
-0.09526 0.04173 0.51451 111.0 103.0 90.0
-0.15443 0.0823 0.51742 49.0 50.0 18.0
0.00134 0.04441 0.56069 72.0 82.0 32.0
-0.09191 0.04289 0.51594 15.0 12.0 7.0
-0.03215 0.04435 0.54687 132.0 151.0 85.0
0.00166 0.0297 0.557 126.0 103.0 87.0
-0.07765 -0.02172 0.49378 26.0 30.0 33.0
0.09957 0.03256 0.58845 64.0 56.0 54.0
-0.04086 0.05336 0.54645 52.0 33.0 27.0
-0.01383 0.0068 0.55414 84.0 76.0 73.0
-0.12968 0.05267 0.50723 67.0 55.0 41.0
-0.06714 0.07481 0.54139 54.0 43.0 37.0
-0.07497 0.07628 0.53813 244.0 245.0 240.0
-0.04335 -0.07037 0.50304 210.0 202.0 199.0
-0.08227 0.05313 0.5257 106.0 101.0 95.0
-0.07368 0.03075 0.52044 76.0 77.0 71.0
-0.10416 0.0181 0.49838 150.0 129.0 110.0
-0.10846 0.04927 0.51282 31.0 23.0 21.0
-0.07229 0.00436 0.50972 167.0 153.0 140.0
-0.04627 0.05441 0.54475 83.0 56.0 47.0
-0.07373 -0.04623 0.48384 68.0 73.0 79.0
0.1555 0.02686 0.589 187.0 180.0 174.0
0.03363 -0.02722 0.55272 6.0 8.0 7.0
-0.08502 -0.01213 0.49204 206.0 202.0 199.0
-0.10297 0.01226 0.49547 103.0 92.0 86.0
-0.09358 0.03163 0.50978 126.0 109.0 99.0
-0.02875 0.01292 0.539 91.0 74.0 64.0
-0.13321 -0.01078 0.46946 162.0 184.0 208.0
-0.10171 0.00475 0.49099 132.0 114.0 104.0
-0.04061 0.051 0.55069 91.0 61.0 51.0
-0.10801 0.02632 0.50105 38.0 41.0 48.0
-0.04181 -0.00747 0.52672 101.0 78.0 62.0
-0.0366 0.02827 0.53991 240.0 238.0 239.0
-0.05265 -0.05877 0.50558 196.0 195.0 190.0
-0.02826 0.02464 0.54258 238.0 238.0 238.0
-0.13239 0.0523 0.50663 78.0 65.0 49.0
-0.01706 -0.02717 0.52602 17.0 16.0 21.0
-0.06418 -0.00639 0.51127 55.0 59.0 70.0
-0.0472 0.00038 0.52487 37.0 36.0 34.0
0.04074 0.04058 0.57187 36.0 35.0 31.0
-0.03312 0.03947 0.54474 202.0 214.0 200.0
-0.13723 0.00051 0.47697 205.0 222.0 242.0
-0.04096 0.05906 0.54855 55.0 27.0 23.0
-0.03256 0.0355 0.54369 210.0 222.0 210.0
0.1528 0.04001 0.59314 98.0 89.0 80.0
0.05312 -0.00784 0.56496 21.0 21.0 23.0
0.14856 -0.0184 0.58275 46.0 52.0 42.0
-0.08682 0.05845 0.52664 247.0 243.0 240.0
0.10292 0.0653 0.60147 27.0 31.0 16.0
0.05185 0.03038 0.57279 36.0 33.0 24.0
0.12276 -0.02266 0.5825 182.0 178.0 175.0
-0.05406 -0.01782 0.51399 69.0 76.0 86.0
-0.06796 -0.01152 0.506 24.0 28.0 27.0
-0.08829 0.00337 0.49871 38.0 33.0 30.0
-0.09398 0.02923 0.50979 169.0 156.0 147.0
-0.03848 0.00474 0.53196 35.0 26.0 19.0
-0.15256 0.08495 0.5194 165.0 157.0 144.0
-0.02065 0.02238 0.54482 99.0 81.0 67.0
0.04997 0.07103 0.58279 172.0 175.0 182.0
-0.12101 0.03139 0.49858 31.0 33.0 45.0
-0.13828 0.06026 0.5106 140.0 157.0 87.0
-0.04199 -0.00645 0.52716 46.0 29.0 19.0
0.08076 0.03864 0.58404 55.0 42.0 33.0
-0.12798 0.02997 0.49652 182.0 179.0 172.0
0.06117 -0.02782 0.56318 16.0 13.0 6.0
-0.07182 -0.06456 0.48172 24.0 21.0 16.0
-0.03315 0.05632 0.55115 91.0 58.0 41.0
-0.13501 -0.00705 0.47254 98.0 99.0 103.0
-0.09466 0.03757 0.5127 72.0 63.0 54.0
-0.09699 -0.02424 0.47296 23.0 23.0 23.0
-0.09629 -0.02512 0.4716 23.0 22.0 20.0
0.03782 -0.00822 0.55836 29.0 27.0 28.0
-0.07603 0.05731 0.53033 128.0 128.0 126.0
0.10504 0.01489 0.58567 70.0 53.0 43.0
-0.02792 0.06115 0.55568 31.0 40.0 13.0
-0.09649 -0.02496 0.47157 23.0 21.0 22.0
-0.09338 0.02939 0.50927 77.0 68.0 59.0
-0.02623 0.06906 0.55778 106.0 121.0 78.0
-0.08758 -0.00682 0.49326 107.0 80.0 69.0
-0.04164 -0.01672 0.52342 16.0 14.0 15.0
-0.05253 -0.01963 0.51378 63.0 67.0 76.0
-0.00373 0.00411 0.54632 151.0 126.0 106.0
-0.08792 -0.0256 0.48064 74.0 79.0 85.0
-0.08224 -0.02695 0.48486 72.0 77.0 83.0
0.09476 0.00078 0.57917 36.0 23.0 17.0
0.06201 -0.02731 0.56233 22.0 21.0 16.0
-0.04273 -0.01651 0.52314 19.0 17.0 18.0
0.10725 0.01931 0.5876 67.0 42.0 20.0
-0.03962 0.06921 0.55266 144.0 100.0 91.0
0.04735 0.04089 0.5741 36.0 33.0 28.0
-0.1164 0.0796 0.53276 45.0 43.0 2.0
-0.07605 0.05698 0.53071 188.0 187.0 185.0
-0.06741 0.04048 0.52809 24.0 23.0 21.0
-0.10031 -0.0223 0.47129 33.0 33.0 33.0
-0.04636 -0.02503 0.51762 21.0 25.0 26.0
0.02958 0.07805 0.58045 239.0 238.0 236.0
-0.07745 -0.02104 0.49282 24.0 29.0 32.0
-0.13703 0.08006 0.52179 116.0 132.0 85.0
-0.03837 0.02268 0.53742 75.0 61.0 52.0
-0.10318 0.07968 0.53282 186.0 187.0 127.0
-0.09533 0.03741 0.51272 129.0 115.0 102.0
-0.05718 0.0381 0.53249 254.0 255.0 255.0
-0.09116 0.03648 0.51388 25.0 14.0 8.0
-0.06423 -0.01743 0.50614 27.0 29.0 26.0
-0.03224 -0.02733 0.52836 22.0 22.0 22.0
-0.0807 -0.01641 0.49278 32.0 36.0 39.0
0.04304 -0.01499 0.55812 57.0 62.0 68.0
0.00724 -0.06531 0.52782 182.0 201.0 243.0
-0.10658 0.03301 0.50555 17.0 0.0 0.0
0.05206 -0.01959 0.56039 20.0 22.0 21.0
0.15455 0.02368 0.58423 52.0 56.0 67.0
-0.04438 0.0214 0.53448 92.0 79.0 70.0
-0.06429 0.02912 0.52548 27.0 26.0 24.0
-0.04612 -0.0374 0.51535 64.0 69.0 63.0
-0.10272 0.03675 0.50852 146.0 145.0 140.0
0.03923 -0.02466 0.55515 13.0 14.0 16.0
0.07694 0.00017 0.57347 57.0 47.0 46.0
-0.08709 -0.00884 0.49236 118.0 98.0 87.0
-0.09873 -0.00647 0.48578 62.0 63.0 58.0
-0.09312 0.02945 0.50906 109.0 99.0 89.0
-0.04987 0.01862 0.53112 24.0 20.0 19.0
-0.07462 0.03059 0.52007 79.0 80.0 74.0
-0.14074 0.07667 0.51879 104.0 120.0 71.0
-0.03226 0.02379 0.54036 253.0 252.0 248.0
-0.04018 0.06839 0.55138 155.0 110.0 105.0
0.06887 0.07575 0.60288 142.0 135.0 116.0
-0.07703 0.00029 0.50374 18.0 18.0 18.0
0.04738 0.05622 0.57792 31.0 28.0 21.0
-0.08674 0.05628 0.52558 204.0 199.0 196.0
0.01049 0.00988 0.55341 77.0 64.0 58.0
-0.01153 0.02041 0.54744 74.0 59.0 52.0
-0.06061 0.04128 0.53215 205.0 203.0 204.0
0.04683 0.04019 0.57374 36.0 31.0 27.0
0.04667 0.05584 0.57773 32.0 32.0 22.0
-0.13294 -0.00819 0.47135 118.0 126.0 115.0
-0.02322 0.03711 0.54807 135.0 138.0 117.0
-0.0315 -0.04837 0.52477 140.0 150.0 151.0
-0.07098 -0.07213 0.48422 171.0 170.0 165.0
0.06188 0.02835 0.57608 65.0 61.0 49.0
0.07427 0.01412 0.57588 224.0 196.0 175.0
-0.11767 0.08469 0.53113 216.0 204.0 188.0
-0.09147 -0.02021 0.48072 30.0 32.0 31.0
0.00835 -0.06507 0.52805 182.0 200.0 238.0
0.07286 0.07394 0.59102 248.0 235.0 226.0
-0.03973 0.07103 0.55294 171.0 126.0 121.0
-0.09152 -0.02029 0.48087 30.0 32.0 29.0
0.0471 0.0554 0.57745 38.0 36.0 24.0
-0.03926 -0.0296 0.52155 11.0 11.0 13.0
-0.13613 -0.01732 0.46541 167.0 184.0 194.0
0.07829 -0.00205 0.5734 85.0 70.0 63.0
-0.03399 0.02164 0.53893 88.0 70.0 56.0
-0.04009 0.00544 0.53166 59.0 46.0 40.0
-0.0351 0.02072 0.5383 107.0 86.0 69.0
-0.07222 -0.02789 0.49485 76.0 81.0 87.0
-0.09728 -0.03359 0.46394 35.0 34.0 30.0
-0.07013 -0.06333 0.48837 10.0 9.0 5.0
-0.04767 0.0786 0.55243 251.0 251.0 243.0
-0.04613 -0.01123 0.52335 19.0 19.0 21.0
-0.03561 -0.0185 0.5257 18.0 16.0 17.0
-0.04106 -0.0134 0.52476 31.0 17.0 14.0
-0.0013 0.03413 0.55586 239.0 239.0 239.0
-0.06442 -0.02131 0.50537 22.0 28.0 28.0
0.04675 0.05726 0.57775 27.0 26.0 21.0
-0.04121 0.01897 0.53563 87.0 73.0 64.0
0.04652 -0.0257 0.55754 15.0 20.0 16.0
-0.0757 -0.07514 0.47681 172.0 193.0 238.0
-0.07713 0.04811 0.52756 196.0 195.0 193.0
0.0816 0.01029 0.57748 64.0 49.0 42.0
-0.09428 -0.01718 0.48221 33.0 37.0 40.0
-0.00718 0.0265 0.55093 237.0 237.0 239.0
0.04295 -0.01517 0.55872 59.0 64.0 70.0
0.08228 0.02293 0.57929 222.0 225.0 230.0
0.00894 -0.06474 0.52835 197.0 209.0 235.0
-0.03534 -0.01748 0.5247 17.0 12.0 16.0
-0.08135 -0.00265 0.49926 104.0 106.0 103.0
0.02707 -0.00546 0.55533 43.0 33.0 31.0
-0.07602 0.04911 0.52591 201.0 199.0 200.0
-0.03093 7e-05 0.53381 130.0 104.0 89.0
-0.05253 -0.03535 0.50892 73.0 77.0 80.0
-0.05352 0.026 0.52914 194.0 188.0 176.0
-0.07184 0.05148 0.53015 56.0 41.0 36.0
-0.03574 0.05319 0.54878 120.0 79.0 57.0
0.02697 -0.00577 0.55555 107.0 89.0 79.0
-0.0869 0.00522 0.501 57.0 47.0 38.0
0.03926 -0.01347 0.55726 107.0 114.0 120.0
-0.00176 0.03137 0.5542 240.0 240.0 240.0
0.07378 -0.00133 0.57217 65.0 50.0 43.0
0.0041 0.01834 0.55264 85.0 68.0 61.0
-0.05182 -0.03515 0.51011 70.0 74.0 75.0
-0.14738 0.04834 0.50128 99.0 89.0 77.0
-0.0963 -0.01393 0.48288 73.0 76.0 85.0
0.01429 -0.0063 0.55066 32.0 23.0 16.0
-0.0374 0.05484 0.54763 147.0 88.0 74.0
0.05437 0.07719 0.59541 104.0 115.0 75.0
-0.0074 0.00868 0.54584 85.0 68.0 60.0
-0.10225 0.01522 0.49661 13.0 5.0 3.0
-0.06774 -0.04855 0.49028 64.0 69.0 72.0
-0.07095 -0.0047 0.5069 61.0 66.0 72.0
0.07523 0.07108 0.59106 58.0 58.0 56.0
-0.0387 0.05221 0.54693 144.0 90.0 80.0
-0.00735 0.00879 0.54573 80.0 65.0 58.0
0.03927 -0.00343 0.55973 62.0 47.0 42.0
-0.00904 0.02525 0.55024 237.0 237.0 237.0
0.04125 -0.01631 0.57206 58.0 63.0 67.0
-0.03766 -0.01555 0.52393 13.0 11.0 12.0
-0.03646 0.03937 0.54364 238.0 238.0 238.0
-0.07629 -0.01457 0.49765 34.0 39.0 33.0
-0.05641 0.01182 0.52872 27.0 25.0 26.0
-0.09233 0.03539 0.51088 117.0 101.0 88.0
0.07048 -0.00096 0.57116 38.0 30.0 28.0
-0.10195 0.02366 0.50273 101.0 87.0 74.0
-0.03923 -0.01581 0.5233 23.0 22.0 20.0
0.02921 0.07791 0.58072 237.0 236.0 234.0
0.11024 0.03485 0.59155 65.0 62.0 57.0
-0.01117 0.02504 0.54918 241.0 241.0 241.0
0.0363 -0.00314 0.55923 71.0 58.0 52.0
-0.06538 -0.00931 0.50826 26.0 32.0 32.0
-0.08167 0.03295 0.51789 205.0 205.0 207.0
-0.10859 0.04942 0.51266 23.0 18.0 15.0
-0.06307 -0.00568 0.51233 99.0 100.0 95.0
-0.1301 0.0838 0.52599 197.0 185.0 171.0
-0.03912 0.00777 0.53258 92.0 74.0 62.0
0.03177 0.04645 0.56849 33.0 37.0 38.0
0.15909 -0.03236 0.58397 95.0 114.0 69.0
-0.064 -0.04613 0.50076 21.0 21.0 23.0
0.01473 0.00925 0.55467 247.0 219.0 197.0
-0.07948 -0.01741 0.49283 23.0 29.0 29.0
-0.14013 0.08614 0.52434 163.0 172.0 127.0
0.01415 -0.00682 0.55012 49.0 44.0 40.0
-0.13779 -0.00668 0.47313 211.0 225.0 251.0
-0.08516 -0.01114 0.493 199.0 195.0 194.0
-0.1068 0.03352 0.50567 119.0 93.0 70.0
-0.04816 -0.00114 0.52674 18.0 18.0 18.0
-0.02863 0.08535 0.56866 143.0 159.0 112.0
0.07073 -0.00048 0.57126 34.0 25.0 26.0
-0.03147 0.08124 0.56143 247.0 246.0 241.0
-0.07177 -0.04944 0.48541 7.0 9.0 8.0
-0.03197 0.057 0.54993 120.0 68.0 55.0
-0.12317 0.08115 0.5268 20.0 20.0 0.0
-0.03068 0.02081 0.53983 94.0 72.0 59.0
-0.04229 -0.06924 0.50402 197.0 192.0 188.0
-0.06306 -0.04598 0.49951 17.0 17.0 17.0
-0.08004 -0.00535 0.49877 50.0 56.0 56.0
-0.10206 0.01312 0.49589 110.0 97.0 88.0
-0.03481 0.07058 0.55418 63.0 49.0 46.0
-0.07595 0.04915 0.52582 202.0 200.0 201.0
-0.06026 0.08264 0.55152 207.0 192.0 171.0
0.01136 0.03259 0.55974 89.0 71.0 59.0
0.01441 0.00903 0.55504 239.0 207.0 182.0
-0.04098 0.025 0.53798 81.0 59.0 38.0
-0.04065 -0.05077 0.51901 214.0 211.0 206.0
-0.04598 -0.05431 0.51407 187.0 183.0 180.0
-0.04239 0.05999 0.54822 80.0 51.0 45.0
-0.0595 -0.07101 0.49202 184.0 180.0 177.0
-0.08323 0.02519 0.51311 45.0 38.0 30.0
-0.04381 -0.03489 0.51755 17.0 17.0 17.0
0.16608 0.01047 0.59759 45.0 45.0 37.0
-0.03596 0.07071 0.55361 39.0 28.0 26.0
-0.04262 -0.05011 0.51773 168.0 164.0 161.0
-0.03848 -0.00238 0.52989 88.0 75.0 69.0
-0.03913 0.01071 0.53343 106.0 89.0 73.0
-0.05451 0.01896 0.52704 33.0 32.0 30.0
-0.05164 0.05802 0.54722 57.0 37.0 30.0
-0.05049 0.0652 0.54605 62.0 43.0 36.0
0.05858 0.02925 0.57502 109.0 103.0 81.0
-0.03701 0.03083 0.54084 255.0 255.0 250.0
0.02752 0.07135 0.57606 72.0 70.0 71.0
0.02678 0.00486 0.55788 117.0 85.0 64.0
0.05673 0.00319 0.56781 53.0 42.0 36.0
-0.03659 0.07721 0.55687 220.0 208.0 184.0
-0.07092 -0.00531 0.50609 100.0 112.0 124.0
-0.07992 -0.01753 0.49159 28.0 32.0 35.0
0.09251 0.00363 0.57917 55.0 43.0 43.0
-0.05118 0.06489 0.54734 57.0 37.0 30.0
-0.13669 0.07852 0.52182 53.0 64.0 22.0
-0.09647 0.03621 0.51566 156.0 143.0 127.0
0.07768 0.01243 0.57668 107.0 88.0 74.0
-0.03987 0.072 0.55243 161.0 118.0 111.0
-0.05343 0.02548 0.52959 217.0 217.0 217.0
-0.04382 0.05562 0.54595 150.0 91.0 85.0
-0.00663 0.02492 0.55115 255.0 255.0 251.0
-0.1348 0.00458 0.47854 208.0 223.0 244.0
-0.04086 0.06317 0.54946 149.0 92.0 83.0
-0.04492 0.01026 0.52326 35.0 31.0 30.0
0.03913 -0.02871 0.55393 16.0 18.0 15.0
0.10469 0.02 0.58679 62.0 48.0 39.0
-0.04383 0.07281 0.55158 161.0 120.0 116.0
-0.07678 -0.01261 0.49607 32.0 36.0 37.0
0.04431 -0.0139 0.55937 85.0 95.0 105.0
-0.06494 -0.01617 0.50673 26.0 28.0 27.0
0.0386 -0.00335 0.55961 49.0 42.0 36.0
-0.04911 0.03427 0.5342 37.0 40.0 33.0
0.06409 -0.00022 0.56959 72.0 55.0 47.0
0.04082 0.00033 0.5616 86.0 69.0 59.0
0.07448 0.00909 0.57491 67.0 35.0 12.0
0.05517 -0.02154 0.5611 69.0 71.0 68.0
-0.04637 0.03944 0.53988 47.0 45.0 46.0
-0.00678 0.02533 0.55098 233.0 233.0 233.0
0.08042 0.03256 0.5826 38.0 25.0 17.0
0.02741 -0.00268 0.5564 54.0 46.0 44.0
-0.05527 0.01538 0.52627 30.0 29.0 27.0
-0.10569 0.03261 0.50574 185.0 178.0 172.0
0.08377 0.01526 0.57923 120.0 101.0 87.0
-0.00103 0.01961 0.55164 60.0 51.0 46.0
-0.09353 0.02612 0.50795 31.0 20.0 14.0
-0.02923 0.08521 0.56903 121.0 134.0 88.0
-0.08457 0.04094 0.54728 194.0 194.0 194.0
-0.08251 0.02418 0.51278 84.0 75.0 66.0
-0.06518 -0.00042 0.51094 22.0 21.0 19.0
-0.13068 0.04949 0.50561 79.0 69.0 59.0
-0.00231 -0.06673 0.52391 180.0 199.0 241.0
-0.12832 0.07944 0.5244 80.0 82.0 43.0
-0.04252 0.04772 0.54437 166.0 160.0 144.0
0.04623 0.02618 0.57086 49.0 32.0 14.0
0.01172 -0.0629 0.53045 1.0 0.0 0.0
-0.05052 0.027 0.53292 89.0 84.0 64.0
-0.07743 -0.01334 0.49748 32.0 36.0 35.0
-0.08623 -0.05433 0.46375 190.0 185.0 189.0
-0.14915 0.01515 0.48448 145.0 142.0 137.0
0.00992 0.00053 0.55076 77.0 63.0 60.0
-0.05453 0.03469 0.53206 88.0 88.0 86.0
-0.01183 -0.04732 0.53962 234.0 236.0 235.0
0.00587 0.02224 0.55496 43.0 30.0 21.0
0.06149 0.00235 0.5689 63.0 52.0 46.0
-0.07699 -0.01338 0.49853 33.0 37.0 36.0
0.00594 0.07773 0.5722 236.0 233.0 224.0
-0.03721 -0.01302 0.52685 51.0 34.0 26.0
-0.05587 0.02807 0.5305 70.0 65.0 46.0
-0.07419 0.0203 0.51548 88.0 75.0 66.0
-0.14039 0.08592 0.52464 151.0 152.0 118.0
-0.0178 0.07204 0.56323 46.0 49.0 30.0
0.06748 0.01004 0.57311 150.0 102.0 79.0
-0.07673 0.03592 0.52157 194.0 194.0 194.0
-0.05572 0.03174 0.53038 138.0 139.0 131.0
-0.02718 -0.00935 0.53286 74.0 57.0 50.0
-0.07498 -0.02599 0.49287 32.0 36.0 39.0
-0.06307 -0.01028 0.5103 79.0 84.0 88.0
-0.0941 -0.02295 0.47652 67.0 70.0 75.0
-0.04092 0.0238 0.53636 143.0 124.0 107.0
-0.08823 -0.04528 0.4603 65.0 66.0 60.0
-0.06962 -0.04868 0.48204 61.0 64.0 69.0
0.09149 0.03079 0.58573 235.0 234.0 232.0
-0.10678 0.05379 0.51518 111.0 73.0 64.0
0.08856 0.02415 0.58567 225.0 228.0 233.0
0.00636 -0.07232 0.5261 195.0 210.0 249.0
-0.06747 0.02692 0.52331 195.0 195.0 197.0
-0.0188 -0.06932 0.51665 180.0 199.0 241.0
0.03174 -0.03234 0.55139 63.0 61.0 48.0
-0.09763 -0.01749 0.47754 23.0 23.0 25.0
0.01949 0.03978 0.56451 103.0 102.0 97.0
-0.059 -0.07428 0.4918 176.0 194.0 240.0
-0.06687 -0.01547 0.50572 24.0 28.0 27.0
-0.0964 0.00268 0.49393 160.0 146.0 133.0
-0.09605 0.00276 0.49359 142.0 129.0 120.0
-0.06776 -0.0017 0.5117 13.0 11.0 12.0
-0.07852 0.05512 0.52837 199.0 197.0 198.0
-0.0887 0.06055 0.52593 228.0 223.0 220.0
-0.06259 0.0079 0.51822 33.0 29.0 26.0
0.04427 0.04234 0.57343 81.0 81.0 73.0
0.02025 -0.01275 0.55148 25.0 25.0 25.0
0.04223 0.0763 0.5843 245.0 242.0 235.0
-0.0023 0.00085 0.54566 44.0 39.0 36.0
0.00263 0.02326 0.55416 75.0 62.0 54.0
-0.08776 0.05145 0.52224 194.0 196.0 195.0
0.03002 0.07667 0.57923 223.0 224.0 219.0
-0.08387 0.03648 0.51726 196.0 200.0 199.0
-0.04078 -0.04458 0.51957 23.0 20.0 15.0
-0.0451 0.00953 0.52406 25.0 24.0 22.0
0.00096 -0.06677 0.52468 180.0 199.0 241.0
0.15176 0.02235 0.58318 95.0 101.0 117.0
0.09544 0.06229 0.59892 54.0 53.0 35.0
-0.03087 0.07257 0.5561 46.0 39.0 33.0
-0.07846 0.05587 0.52895 199.0 198.0 196.0
0.0525 0.00265 0.56627 73.0 62.0 60.0
-0.04678 0.06687 0.54868 159.0 110.0 103.0
-0.12461 0.0298 0.4973 185.0 180.0 174.0
-0.0657 -0.01477 0.50392 25.0 29.0 28.0
-0.1481 0.08521 0.52126 128.0 120.0 109.0
-0.10394 0.03876 0.5091 253.0 255.0 254.0
0.01857 0.01766 0.56143 21.0 18.0 9.0
-0.02508 0.00659 0.53833 43.0 33.0 32.0
-0.04799 0.03514 0.53691 79.0 74.0 71.0
-0.13631 0.0623 0.51181 106.0 111.0 71.0
-0.03938 -0.04719 0.52017 110.0 114.0 100.0
0.05721 -0.01455 0.56384 103.0 110.0 118.0
-0.09528 0.00061 0.49319 81.0 72.0 63.0
-0.02079 0.03081 0.54661 239.0 239.0 239.0
0.03248 0.00555 0.56029 124.0 96.0 75.0
-0.07055 0.01581 0.50832 28.0 20.0 17.0
0.05869 0.00442 0.56859 65.0 55.0 54.0
0.10667 0.03163 0.59027 233.0 233.0 235.0
-0.04116 0.06341 0.54969 149.0 94.0 87.0
-0.06887 -0.00255 0.51151 22.0 22.0 22.0
-0.01914 -0.04833 0.52906 186.0 183.0 178.0
0.04858 -0.04087 0.5553 222.0 219.0 214.0
0.0148 0.0046 0.55344 110.0 74.0 52.0
0.04727 0.04159 0.57426 35.0 31.0 28.0
-0.08902 0.00629 0.49935 137.0 119.0 109.0
-0.01883 0.07326 0.56217 32.0 35.0 16.0
-0.04065 -0.00693 0.5275 97.0 86.0 80.0
0.07714 0.03483 0.58221 23.0 19.0 16.0
-0.06591 0.03444 0.52656 106.0 93.0 84.0
-0.08669 0.0426 0.51989 197.0 197.0 197.0
0.00034 0.00891 0.54937 85.0 67.0 57.0
-0.12929 0.08491 0.52694 209.0 196.0 190.0
-0.04236 -0.01077 0.52567 29.0 22.0 16.0
0.0039 0.01756 0.55295 75.0 61.0 58.0
-0.08845 -0.0234 0.48173 74.0 77.0 82.0
-0.05222 0.01103 0.52629 25.0 24.0 22.0
-0.04333 0.07865 0.55435 255.0 252.0 234.0
-0.1024 -0.00768 0.48313 203.0 219.0 244.0
0.05801 0.04762 0.57922 29.0 29.0 27.0
-0.06871 -0.07263 0.48512 138.0 133.0 130.0
-0.09385 0.07745 0.5357 75.0 102.0 59.0
-0.09537 0.00388 0.4942 123.0 101.0 88.0
-0.04092 0.00524 0.53101 36.0 31.0 28.0
-0.08222 0.02424 0.51254 88.0 78.0 69.0
0.04456 0.07633 0.58598 247.0 244.0 239.0
-0.00172 -0.00868 0.54409 60.0 52.0 49.0
-0.07048 -0.07444 0.47464 174.0 195.0 240.0
0.0058 0.01169 0.55224 97.0 77.0 68.0
-0.07268 -0.07525 0.47851 173.0 194.0 237.0
-0.0774 0.04998 0.49758 214.0 213.0 211.0
-0.06181 -0.03125 0.50244 79.0 84.0 88.0
-0.0729 0.06294 0.53452 126.0 93.0 84.0
0.02728 0.00087 0.55699 48.0 37.0 31.0
-0.08132 0.06992 0.5332 192.0 185.0 177.0
-0.00498 -0.06711 0.52169 179.0 198.0 240.0
-0.08851 0.0086 0.50169 144.0 128.0 115.0
0.03491 -0.06099 0.53918 184.0 203.0 243.0
0.06454 0.07763 0.60092 116.0 131.0 92.0
0.0195 -0.00451 0.55314 77.0 69.0 67.0
-0.05409 -0.07027 0.49656 175.0 176.0 171.0
0.01655 0.01219 0.55666 210.0 192.0 178.0
0.01746 0.01082 0.55745 241.0 237.0 234.0
-0.16206 0.07906 0.51428 129.0 155.0 94.0
0.11255 0.0227 0.58947 113.0 94.0 80.0
0.02851 0.00415 0.5585 160.0 114.0 80.0
0.11413 0.04099 0.59473 255.0 252.0 248.0
-0.00321 0.00571 0.54784 40.0 27.0 21.0
-0.06697 0.08061 0.54872 219.0 208.0 190.0
-0.06586 0.02616 0.52345 197.0 199.0 198.0
-0.13475 0.04944 0.50445 80.0 71.0 62.0
0.04903 0.00077 0.56531 58.0 44.0 35.0
-0.07112 0.07115 0.53831 122.0 92.0 84.0
-0.08671 0.04161 0.51853 198.0 198.0 198.0
-0.03365 0.04044 0.54595 212.0 224.0 212.0
-0.07944 -0.04179 0.47908 18.0 18.0 20.0
-0.02777 0.06392 0.55591 81.0 78.0 43.0
0.16179 0.01187 0.59641 23.0 31.0 16.0
0.07214 0.00553 0.57349 107.0 87.0 76.0
-0.09303 -0.04359 0.46031 135.0 133.0 138.0
0.10439 0.02195 0.58713 86.0 75.0 71.0
0.02442 0.0454 0.56847 106.0 104.0 89.0
-0.02528 -0.06839 0.51339 3.0 0.0 0.0
0.06363 -0.05649 0.55021 186.0 204.0 242.0
0.05665 0.01886 0.56462 104.0 82.0 58.0
-0.0816 0.01568 0.50971 148.0 132.0 117.0
0.05717 0.00784 0.56854 157.0 118.0 85.0
-0.03368 0.01323 0.53664 83.0 73.0 64.0
0.08666 0.00245 0.57711 48.0 37.0 35.0
-0.04803 -0.05218 0.51462 45.0 50.0 56.0
0.07231 0.00541 0.5734 105.0 86.0 79.0
0.07838 0.01059 0.57657 66.0 56.0 54.0
-0.04438 -0.05334 0.51514 166.0 165.0 161.0
-0.10396 0.03872 0.50916 253.0 255.0 254.0
0.07386 -0.03308 0.55734 171.0 179.0 181.0
-0.0842 0.01519 0.50723 33.0 23.0 14.0
0.06064 0.00071 0.56815 60.0 47.0 41.0
0.03374 -0.00394 0.55835 91.0 76.0 69.0
-0.10529 0.03949 0.50979 239.0 238.0 236.0
0.00057 -0.00899 0.54474 79.0 68.0 64.0
0.0854 0.01063 0.57864 87.0 73.0 64.0
-0.08224 -0.02251 0.48715 76.0 81.0 87.0
-0.03274 0.01774 0.53853 39.0 23.0 8.0
0.05651 -1e-05 0.56688 77.0 62.0 55.0
-0.09037 0.05703 0.52409 104.0 67.0 59.0
0.03204 -0.04259 0.54999 229.0 224.0 220.0
-0.0164 0.01723 0.54499 107.0 88.0 73.0
0.0772 -0.05447 0.55488 185.0 203.0 241.0
0.10474 0.02101 0.58706 107.0 93.0 84.0
0.05252 -0.02946 0.55833 74.0 75.0 61.0
-0.04126 0.03694 0.541 46.0 32.0 23.0
0.02433 0.04553 0.56845 137.0 132.0 112.0
0.02406 -0.01257 0.55311 19.0 17.0 20.0
-0.09063 0.06341 0.5261 116.0 81.0 75.0
-0.01664 0.0055 0.54138 119.0 96.0 80.0
-0.07093 -0.067 0.47791 59.0 66.0 74.0
-0.10752 0.01049 0.49337 185.0 182.0 177.0
-0.08186 -0.02309 0.48843 78.0 83.0 87.0
-0.11106 0.05518 0.51464 205.0 178.0 148.0
-0.04512 -0.03588 0.51608 68.0 70.0 67.0
-0.15092 0.08409 0.5194 91.0 95.0 68.0
-0.07684 -0.00931 0.50017 31.0 37.0 35.0
-0.12582 0.08549 0.52803 192.0 185.0 157.0
0.00632 -0.07792 0.52517 150.0 161.0 163.0
0.04525 -0.00837 0.56083 23.0 21.0 22.0
0.07268 0.00565 0.57305 94.0 74.0 65.0
-0.12702 0.00615 0.48111 137.0 136.0 132.0
0.07792 0.07003 0.59168 41.0 32.0 27.0
-0.09606 0.01207 0.49956 150.0 136.0 125.0
0.05026 0.04398 0.57444 169.0 170.0 164.0
0.0593 0.01072 0.57046 137.0 91.0 65.0
-0.03168 -0.07217 0.51115 176.0 197.0 240.0
-0.11866 0.08658 0.53328 166.0 181.0 124.0
-0.02486 0.02309 0.56478 89.0 89.0 65.0
-0.05652 -0.01823 0.51167 14.0 12.0 15.0
0.06759 0.06766 0.58811 230.0 227.0 222.0
0.15993 0.03622 0.59506 24.0 23.0 19.0
-0.08804 0.05354 0.52255 231.0 225.0 225.0
0.0985 0.00202 0.58048 47.0 34.0 28.0
-0.07098 -0.00824 0.50445 89.0 103.0 114.0
0.00317 -0.0707 0.52482 176.0 195.0 238.0
0.11575 -0.02676 0.57889 112.0 117.0 113.0
0.04653 0.04474 0.57471 130.0 125.0 119.0
-0.11133 -0.02547 0.46131 191.0 210.0 242.0
-0.06263 0.05057 0.53511 62.0 44.0 40.0
0.05503 0.01033 0.56892 143.0 96.0 70.0
-0.06466 -0.033 0.50022 65.0 73.0 76.0
-0.09406 -0.02967 0.47036 24.0 23.0 21.0
0.15522 -0.00979 0.58693 187.0 179.0 177.0
0.00918 -0.07702 0.52667 156.0 171.0 168.0
0.04914 0.05102 0.57713 148.0 147.0 143.0
0.03389 -0.04148 0.551 181.0 178.0 173.0
-0.09452 0.00372 0.49504 137.0 114.0 98.0
-0.04474 -0.02766 0.51956 72.0 79.0 87.0
0.00618 -0.04593 0.53994 216.0 215.0 211.0
0.0421 -0.06077 0.54403 183.0 201.0 239.0
-0.11352 0.00269 0.4816 206.0 221.0 244.0
0.11255 0.02268 0.58948 113.0 94.0 80.0
-0.06647 0.08078 0.54836 211.0 198.0 179.0
-0.07515 0.03031 0.5196 85.0 85.0 75.0
-0.05192 0.00573 0.52749 17.0 17.0 17.0
-0.09669 -0.03168 0.46595 79.0 75.0 66.0
-0.01475 -0.03983 0.53094 16.0 13.0 8.0
-0.06117 -0.01269 0.51055 27.0 25.0 26.0
-0.06256 0.0507 0.53494 62.0 44.0 40.0
-0.00919 0.02981 0.55089 64.0 72.0 61.0
-0.00225 0.00175 0.54618 84.0 70.0 59.0
0.16481 0.02217 0.59224 5.0 6.0 11.0
-0.03379 0.03538 0.54347 211.0 223.0 211.0
-0.11158 0.04486 0.50953 29.0 28.0 24.0
-0.1577 0.08827 0.51873 115.0 132.0 87.0
0.00436 -0.07653 0.52417 158.0 177.0 175.0
-0.04811 0.0123 0.52892 59.0 54.0 50.0
0.02015 0.00251 0.55483 74.0 52.0 38.0
-0.08791 0.05253 0.52299 227.0 222.0 219.0
0.06771 0.00539 0.57198 77.0 59.0 49.0
0.07604 -0.0553 0.5545 184.0 204.0 241.0
0.06047 -0.05349 0.54982 193.0 189.0 186.0
0.07689 0.01595 0.57728 214.0 218.0 219.0
0.05997 -0.04261 0.55953 206.0 205.0 200.0
-0.06717 0.02738 0.52262 194.0 192.0 193.0
-0.0116 -0.03637 0.53319 13.0 9.0 6.0
0.00534 0.02674 0.55621 32.0 21.0 17.0
0.06795 0.00872 0.57106 68.0 42.0 25.0
0.05891 -0.01858 0.56343 18.0 18.0 20.0
-0.12818 0.07925 0.52466 157.0 174.0 120.0
0.00194 -0.00628 0.5458 65.0 54.0 52.0
-0.11978 0.00307 0.48061 206.0 221.0 244.0
0.00684 -0.01017 0.547 8.0 8.0 10.0
-0.01688 -0.05248 0.53031 209.0 206.0 201.0
-0.08811 0.05993 0.52576 197.0 196.0 194.0
-0.05774 0.03148 0.52906 197.0 203.0 203.0
0.05829 -0.05103 0.55186 125.0 124.0 120.0
-0.04176 0.07285 0.55263 167.0 128.0 123.0
-0.05066 0.05595 0.54308 75.0 50.0 45.0
-0.07145 0.06052 0.5339 123.0 86.0 78.0
-0.01009 -0.0056 0.54105 94.0 77.0 70.0
-0.05595 -0.01871 0.51188 13.0 12.0 17.0
7e-05 0.00777 0.54881 37.0 26.0 20.0
-0.02304 0.01491 0.54094 85.0 71.0 62.0
-0.06056 0.01038 0.52062 17.0 16.0 14.0
-0.04733 -0.00361 0.52429 16.0 16.0 18.0
-0.1317 0.0865 0.52812 144.0 164.0 105.0
0.10563 0.03159 0.59005 240.0 240.0 242.0
-0.04513 0.0601 0.54673 147.0 90.0 79.0
-0.05222 0.05486 0.54164 99.0 64.0 58.0
-0.02882 -0.01313 0.53115 35.0 27.0 24.0
-0.03112 0.09044 0.56756 139.0 153.0 100.0
-0.08311 -0.06013 0.46701 143.0 136.0 143.0
0.04323 0.04372 0.57353 32.0 27.0 23.0
0.05386 -0.00907 0.5638 17.0 15.0 18.0
0.01856 0.08192 0.58098 151.0 163.0 117.0
-0.09584 -0.01952 0.48204 71.0 75.0 78.0
-0.10449 -0.01994 0.47272 199.0 214.0 243.0
0.0194 -0.01031 0.55194 17.0 15.0 18.0
0.08106 0.00666 0.57632 58.0 47.0 45.0
-0.06937 -0.07319 0.5023 217.0 217.0 215.0
0.05393 -0.05639 0.54845 44.0 45.0 47.0
-0.04623 0.06094 0.54649 151.0 103.0 93.0
-0.05219 0.00829 0.52372 27.0 25.0 28.0
-0.05136 0.06773 0.54657 108.0 75.0 66.0
-0.04694 -0.00394 0.52424 21.0 21.0 23.0
-0.09952 0.00088 0.48992 152.0 129.0 115.0
0.06296 -0.00867 0.56869 22.0 20.0 21.0
-0.03752 -0.07239 0.50483 177.0 196.0 239.0
0.03368 0.00606 0.56014 109.0 86.0 72.0
-0.03297 -0.04978 0.52162 185.0 181.0 178.0
-0.08047 0.07214 0.53437 196.0 184.0 170.0
-0.07077 -0.01409 0.50161 70.0 73.0 78.0
0.0099 -0.06665 0.5273 179.0 198.0 240.0
0.01852 0.08197 0.58097 182.0 193.0 150.0
-0.10261 -0.00604 0.48371 204.0 220.0 245.0
0.01885 -0.04068 0.53706 252.0 255.0 255.0
-0.10791 0.00062 0.49134 205.0 220.0 241.0
0.06897 -0.00049 0.57066 55.0 47.0 45.0
-0.09796 -0.03099 0.46561 65.0 61.0 50.0
0.04301 -0.01803 0.55768 61.0 66.0 69.0
-0.12618 0.08536 0.52822 202.0 194.0 173.0
0.0259 -0.01137 0.55266 20.0 16.0 17.0
0.02081 0.01645 0.56137 74.0 43.0 22.0
-0.06061 -0.02121 0.50735 21.0 19.0 20.0
-0.03371 -0.00089 0.53197 46.0 38.0 36.0
-0.07501 -0.07607 0.47703 172.0 193.0 238.0
-0.09417 0.04919 0.51855 62.0 47.0 40.0
0.02093 0.00504 0.55369 141.0 105.0 79.0
-0.09403 -0.03596 0.45486 89.0 95.0 95.0
-0.08714 0.00982 0.50333 50.0 45.0 41.0
-0.00832 -0.04416 0.50618 111.0 110.0 106.0
-0.09421 0.0488 0.51868 61.0 44.0 37.0
-0.04701 -0.0042 0.52453 22.0 22.0 24.0
0.06827 0.05363 0.58532 92.0 90.0 91.0
0.10375 0.00211 0.58226 83.0 64.0 57.0
0.1528 0.0257 0.58442 187.0 178.0 171.0
0.01665 0.02302 0.55872 93.0 89.0 77.0
0.0446 0.04409 0.57247 12.0 11.0 9.0
-0.00232 0.01442 0.54988 139.0 118.0 101.0
0.06501 0.02632 0.57702 151.0 120.0 92.0
-0.05243 0.0666 0.54596 109.0 75.0 66.0
-0.11062 0.05754 0.51573 205.0 178.0 151.0
0.12138 -0.0301 0.58034 208.0 207.0 203.0
0.0498 -0.00945 0.56227 22.0 22.0 22.0
-0.0387 0.06365 0.55043 123.0 94.0 88.0
-0.13297 0.03037 0.49531 169.0 164.0 158.0
-0.00907 0.02835 0.55023 108.0 110.0 89.0
-0.0989 -0.02831 0.46874 73.0 71.0 59.0
0.07118 0.05449 0.58653 91.0 90.0 88.0
-0.053 0.02141 0.52918 62.0 56.0 56.0
0.00098 -0.07983 0.54086 172.0 193.0 238.0
-0.00381 -0.07069 0.52356 177.0 196.0 238.0
-0.10827 0.02491 0.49899 177.0 176.0 174.0
-0.04436 0.08194 0.5556 245.0 244.0 239.0
-0.04377 -0.03003 0.5193 123.0 138.0 157.0
-0.10714 -0.0202 0.46803 197.0 214.0 244.0
-0.0789 -0.06587 0.47137 150.0 151.0 155.0
-0.09142 -0.0472 0.46849 55.0 56.0 51.0
-0.13602 0.00731 0.48015 159.0 154.0 151.0
0.01298 0.00952 0.55466 254.0 222.0 201.0
-0.10715 0.05674 0.51649 115.0 77.0 66.0
0.05179 0.02559 0.57108 123.0 101.0 80.0
-0.01905 -0.0666 0.51652 143.0 140.0 135.0
-0.08954 0.06187 0.52879 198.0 197.0 195.0
0.03155 -0.00872 0.55614 14.0 14.0 16.0
0.01921 0.08191 0.58067 165.0 179.0 130.0
-0.08046 -0.02993 0.4849 7.0 6.0 11.0
-0.03648 -0.07161 0.50312 178.0 197.0 240.0
0.10146 0.0693 0.60224 76.0 70.0 56.0
-0.12504 0.00268 0.47711 205.0 220.0 243.0
-0.15568 0.04631 0.49922 28.0 23.0 19.0
0.03553 -0.05511 0.52257 188.0 184.0 181.0
-0.14602 0.0397 0.50188 49.0 46.0 37.0
-0.00611 -0.07269 0.5213 174.0 195.0 238.0
-0.08363 -0.06314 0.46592 178.0 200.0 241.0
0.01456 -0.07004 0.52923 177.0 196.0 238.0
0.03719 -0.01009 0.55765 18.0 18.0 20.0
0.05921 -0.03557 0.56093 170.0 176.0 174.0
-0.12602 0.07933 0.52523 139.0 158.0 94.0
-0.06027 -0.02971 0.50464 8.0 8.0 10.0
0.01762 0.0143 0.56016 109.0 77.0 56.0
0.03348 0.00302 0.55768 99.0 81.0 67.0
-0.07354 0.0132 0.51335 193.0 172.0 155.0
-0.07156 0.07628 0.5425 247.0 247.0 245.0
0.036 0.00805 0.56166 135.0 90.0 61.0
0.02988 0.00871 0.56004 145.0 95.0 68.0
-0.03406 -0.00149 0.53249 72.0 67.0 63.0
-0.06293 -0.01414 0.50861 80.0 85.0 89.0
0.02278 -0.00882 0.55337 17.0 16.0 21.0
-0.07015 0.0592 0.53326 99.0 65.0 56.0
0.05408 0.08654 0.59294 92.0 106.0 55.0
0.01275 -0.06509 0.5302 180.0 199.0 239.0
0.16073 0.02649 0.59327 192.0 187.0 181.0
0.00494 -0.04282 0.53974 136.0 146.0 145.0
-0.09091 0.03347 0.51305 89.0 79.0 69.0
-0.08618 -0.04348 0.46959 73.0 71.0 59.0
-0.10923 0.00106 0.48758 205.0 220.0 243.0
0.04151 0.0113 0.5652 236.0 205.0 184.0
0.02971 -0.01546 0.55425 20.0 18.0 19.0
0.04867 -0.01265 0.5611 112.0 117.0 121.0
-0.04821 -0.05472 0.5144 151.0 147.0 144.0
0.02517 0.00612 0.55743 115.0 75.0 49.0
-0.0665 -0.01905 0.50405 16.0 21.0 24.0
-0.07232 0.02173 0.53011 113.0 109.0 100.0
0.06584 0.00738 0.57309 146.0 111.0 81.0
0.06754 -0.02786 0.56357 19.0 16.0 11.0
-0.05772 -0.02904 0.50702 13.0 13.0 15.0
-0.10935 0.0009 0.48789 205.0 220.0 243.0
-0.07492 -0.07646 0.47752 173.0 191.0 237.0
-0.0171 0.01268 0.54375 124.0 98.0 81.0
-0.00653 -0.07518 0.52003 173.0 194.0 237.0
-0.11803 0.00615 0.48157 179.0 176.0 171.0
0.00847 -0.06846 0.52762 178.0 197.0 240.0
-0.02185 -0.01402 0.53425 14.0 12.0 15.0
-0.04156 -0.04361 0.5192 26.0 25.0 21.0
-0.01997 0.05823 0.55915 239.0 244.0 221.0
-0.11994 0.04825 0.51091 7.0 1.0 1.0
0.00704 -0.01225 0.54566 14.0 15.0 17.0
-0.09166 -0.04722 0.45619 188.0 206.0 244.0
-0.05898 0.04918 0.53511 58.0 43.0 38.0
0.0359 0.00891 0.56174 148.0 102.0 76.0
0.06885 -0.03582 0.56362 114.0 113.0 109.0
-0.03584 -0.05316 0.5243 227.0 226.0 221.0
-0.09414 -0.00394 0.4912 15.0 14.0 19.0
0.0633 -0.00648 0.56768 20.0 18.0 21.0
0.08862 -0.00441 0.57584 29.0 25.0 24.0
0.01888 -0.03465 0.54564 19.0 14.0 8.0
-0.05949 -0.0692 0.49911 184.0 181.0 176.0
-0.05163 0.02203 0.53019 137.0 123.0 114.0
-0.021 -0.06844 0.53598 188.0 184.0 181.0
0.02769 0.01336 0.56045 224.0 225.0 227.0
-0.10124 -0.03131 0.46227 56.0 61.0 57.0
0.0813 -0.0045 0.57427 20.0 18.0 19.0
-0.1204 0.00682 0.48288 166.0 165.0 160.0
-0.09999 0.04785 0.51549 36.0 22.0 13.0
-0.00883 -0.07055 0.51924 175.0 197.0 238.0
0.05005 0.02674 0.5685 44.0 31.0 14.0
-0.06258 -0.03743 0.5008 16.0 16.0 18.0
-0.06833 -0.02431 0.49972 26.0 31.0 34.0
0.01797 -0.03496 0.54662 19.0 16.0 9.0
0.01093 -0.0656 0.53061 181.0 200.0 240.0
-0.01131 0.02596 0.54945 239.0 239.0 239.0
-0.09381 -0.02796 0.47063 22.0 22.0 22.0
-0.0281 -0.04241 0.52892 23.0 20.0 11.0
-0.06251 -0.03717 0.5005 15.0 15.0 17.0
-0.07901 0.0497 0.52583 196.0 196.0 194.0
-0.0539 0.07032 0.54776 95.0 60.0 54.0
-0.04509 0.05971 0.54706 143.0 84.0 76.0
0.09378 -0.00325 0.57796 18.0 16.0 19.0
-0.09135 -0.04813 0.45709 187.0 205.0 243.0
-0.07928 0.0493 0.52641 199.0 198.0 196.0
0.06952 0.0045 0.57213 128.0 105.0 87.0
0.06091 0.04703 0.58006 35.0 30.0 26.0
-0.05031 -0.03067 0.5118 76.0 81.0 77.0
-0.05006 -0.0722 0.49838 197.0 213.0 246.0
0.13483 0.00011 0.57582 20.0 18.0 21.0
0.06914 0.05782 0.58655 95.0 91.0 90.0
0.05148 0.0071 0.56694 70.0 39.0 19.0
0.06804 -0.05784 0.54558 183.0 203.0 240.0
-0.01992 0.00525 0.53965 99.0 82.0 75.0
0.04578 0.01189 0.566 230.0 202.0 180.0
-0.06345 -0.05525 0.48451 17.0 17.0 17.0
-0.08966 0.00584 0.49839 53.0 46.0 38.0
-0.10673 0.04907 0.51387 49.0 34.0 27.0
0.04213 -0.03917 0.55392 252.0 254.0 253.0
0.0863 0.00037 0.5764 44.0 36.0 34.0
0.04904 0.01184 0.56763 232.0 204.0 182.0
0.00124 0.01914 0.55271 93.0 77.0 62.0
0.04242 0.07911 0.58968 80.0 95.0 54.0
0.00887 -0.06011 0.53055 152.0 149.0 144.0
-0.0087 -0.07671 0.52306 172.0 193.0 236.0
0.04241 0.00883 0.56402 148.0 102.0 76.0
-0.06359 -0.05985 0.49174 26.0 25.0 21.0
-0.05775 -0.05898 0.4887 72.0 76.0 85.0
-0.07587 0.00562 0.50801 132.0 115.0 105.0
-0.09622 -0.00675 0.48692 74.0 73.0 69.0
-0.12345 0.03095 0.49791 204.0 203.0 199.0
0.14272 0.00611 0.58056 18.0 18.0 20.0
0.03342 -0.01043 0.55668 21.0 19.0 22.0
-0.09289 -0.02259 0.47796 86.0 83.0 74.0
-0.10938 -0.02749 0.46014 192.0 211.0 243.0
-0.05237 -0.02768 0.5139 63.0 66.0 71.0
-0.00772 -0.06255 0.52333 135.0 130.0 127.0
0.01713 -0.05572 0.53076 150.0 146.0 143.0
0.05974 0.01669 0.5721 222.0 223.0 225.0
-0.02041 -0.06835 0.5139 180.0 200.0 237.0
0.03024 -0.02171 0.55285 11.0 12.0 14.0
-0.05332 0.05975 0.54343 101.0 67.0 58.0
0.01059 -0.05918 0.52886 114.0 110.0 107.0
-0.05204 -0.01575 0.51609 16.0 16.0 18.0
-0.01814 -0.01237 0.53599 22.0 20.0 23.0
-0.06872 -0.03701 0.49294 18.0 16.0 17.0
-0.11395 0.00726 0.48907 182.0 181.0 177.0
-0.09826 -0.02571 0.47055 63.0 63.0 55.0
-0.07166 -0.01624 0.5006 65.0 68.0 73.0
0.04669 0.01306 0.56764 234.0 233.0 229.0
0.13567 0.00058 0.57515 22.0 20.0 21.0
-0.056 -0.05961 0.50569 220.0 219.0 217.0
0.02251 0.01897 0.56311 52.0 44.0 31.0
-0.05233 0.07188 0.54705 104.0 73.0 68.0
-0.09216 0.01363 0.50253 107.0 94.0 85.0
-0.01994 0.02654 0.56684 33.0 38.0 32.0
-0.00137 -0.07152 0.51996 174.0 195.0 238.0
-0.06289 0.04955 0.53368 60.0 46.0 37.0
0.13032 0.02772 0.59147 187.0 179.0 176.0
-0.0808 0.03693 0.52007 191.0 191.0 191.0
-0.11161 0.04382 0.50799 28.0 27.0 22.0
0.04998 0.03974 0.57432 160.0 160.0 148.0
-0.0672 0.07185 0.54029 111.0 82.0 76.0
-0.07355 -0.04965 0.48291 68.0 74.0 74.0
0.04768 0.02468 0.54658 222.0 226.0 229.0
-0.07287 -0.04441 0.48538 19.0 17.0 20.0
0.01116 0.02776 0.5585 54.0 44.0 42.0
0.03211 -0.00563 0.55747 55.0 45.0 44.0
-0.04115 0.0583 0.54778 48.0 27.0 22.0
-0.07584 -0.03139 0.48967 20.0 18.0 19.0
0.05884 0.06706 0.58437 136.0 137.0 141.0
0.07024 -0.05363 0.55283 97.0 98.0 103.0
0.06203 0.01292 0.57136 230.0 202.0 180.0
0.0114 -0.01001 0.54873 19.0 14.0 18.0
-0.06532 0.00253 0.51315 15.0 14.0 12.0
-0.07665 0.02875 0.5177 191.0 191.0 189.0
0.06972 0.01378 0.57443 219.0 192.0 171.0
0.05468 -0.02824 0.55925 52.0 52.0 42.0
-0.07033 -0.03418 0.49352 19.0 17.0 18.0
-0.08875 -0.0197 0.48425 76.0 81.0 85.0
-0.10602 0.05172 0.51423 113.0 84.0 76.0
-0.06171 -0.02575 0.50464 76.0 83.0 89.0
-0.12601 0.00526 0.48058 220.0 236.0 252.0
0.12058 -0.00751 0.5872 21.0 19.0 24.0
-0.01695 -0.01373 0.53655 17.0 15.0 18.0
-0.02704 -0.01399 0.53177 27.0 25.0 26.0
0.01959 -0.07067 0.52912 173.0 194.0 237.0
-0.11074 0.00663 0.49017 180.0 179.0 175.0
0.06149 -0.01725 0.5647 14.0 14.0 16.0
-0.02359 -0.01343 0.53338 22.0 20.0 23.0
0.07225 -0.00579 0.57051 11.0 11.0 13.0
0.06105 -0.05501 0.5491 4.0 8.0 11.0
0.1503 0.02667 0.58381 187.0 178.0 173.0
0.01555 -0.01297 0.54944 19.0 17.0 18.0
-0.05485 0.05654 0.5409 103.0 66.0 57.0
-0.07039 -0.02673 0.49616 66.0 69.0 74.0
-0.07103 -0.03746 0.49594 12.0 10.0 15.0
-0.05538 -0.05918 0.50462 133.0 134.0 129.0
-0.07059 -0.0307 0.49334 74.0 81.0 89.0
0.02424 0.01496 0.56876 224.0 228.0 231.0
-0.10942 -0.02726 0.45981 194.0 210.0 243.0
-0.08464 0.00257 0.50061 96.0 82.0 79.0
0.05994 -0.06006 0.548 182.0 201.0 241.0
-0.02658 -0.05251 0.52414 172.0 169.0 164.0
-0.09356 -0.02597 0.4748 15.0 15.0 15.0
0.07862 0.03637 0.58307 19.0 14.0 10.0
-0.13696 -0.00249 0.47566 204.0 219.0 242.0
-0.05927 0.00885 0.52109 14.0 14.0 16.0
0.01186 -0.05729 0.53687 164.0 161.0 156.0
-0.06084 -0.00488 0.51346 16.0 14.0 15.0
-0.08769 -0.02794 0.47735 10.0 10.0 12.0
-0.06966 -0.04573 0.48981 19.0 19.0 19.0
-0.05257 -0.0193 0.51534 63.0 67.0 76.0
0.05925 0.06876 0.58538 144.0 139.0 143.0
0.00134 -0.06795 0.52441 179.0 198.0 240.0
-0.14291 0.09024 0.5224 114.0 135.0 79.0
-0.05349 0.06544 0.54755 108.0 74.0 65.0
-0.12461 0.00715 0.48213 158.0 154.0 151.0
-0.15797 0.05954 0.50505 129.0 146.0 76.0
-0.05338 -0.05094 0.48222 17.0 16.0 12.0
0.06954 -0.05949 0.5527 181.0 200.0 240.0
-0.06415 0.01995 0.52182 34.0 29.0 26.0
-0.04593 0.07074 0.55054 157.0 107.0 100.0
-0.05644 0.05732 0.54034 112.0 75.0 67.0
-0.09449 -0.03355 0.46711 43.0 42.0 40.0
-0.02266 -0.04687 0.53058 126.0 137.0 139.0
0.04538 -0.05836 0.5435 184.0 202.0 238.0
0.05439 0.01031 0.56857 130.0 84.0 58.0
0.05982 0.05835 0.58099 109.0 105.0 102.0
-0.05837 -0.01941 0.51026 17.0 15.0 16.0
-0.02911 -0.01666 0.53008 20.0 18.0 21.0
0.00907 0.02836 0.55786 72.0 59.0 51.0
-0.06777 -0.05445 0.48781 59.0 59.0 57.0
-0.09146 0.03039 0.51101 42.0 35.0 29.0
0.02158 -0.06704 0.53567 179.0 198.0 240.0
-0.05834 -0.08008 0.49509 169.0 190.0 235.0
0.00678 -0.06205 0.52842 183.0 179.0 176.0
-0.05128 -0.03892 0.51011 18.0 20.0 19.0
-0.06682 0.02085 0.52048 114.0 101.0 95.0
0.13993 0.0029 0.57174 19.0 17.0 20.0
-0.07351 -0.05589 0.48257 61.0 63.0 60.0
0.0724 -0.05136 0.5555 160.0 156.0 153.0
-0.0947 0.00544 0.49164 133.0 114.0 99.0
-0.01696 0.00667 0.54199 120.0 94.0 77.0
0.01147 -0.01027 0.5488 20.0 18.0 21.0
-0.07503 -0.04148 0.48492 5.0 4.0 10.0
-0.09399 0.05321 0.52041 107.0 70.0 62.0
-0.0561 0.05343 0.53941 99.0 65.0 56.0
0.08963 -0.03432 0.56029 184.0 183.0 179.0
-0.05307 -0.03251 0.50938 74.0 79.0 82.0
-0.02162 -0.01261 0.53461 24.0 20.0 19.0
0.02984 0.01887 0.56268 223.0 228.0 232.0
-0.06483 0.05456 0.53546 111.0 77.0 68.0
-0.0586 -0.01729 0.51071 29.0 27.0 28.0
0.11221 -0.0291 0.57726 223.0 222.0 218.0
0.00139 -0.0124 0.54437 13.0 13.0 15.0
-0.0342 -0.01607 0.52824 20.0 18.0 19.0
-0.06061 0.05342 0.53652 113.0 79.0 70.0
0.06805 -0.0337 0.56415 138.0 141.0 132.0
-0.12829 0.00907 0.48312 163.0 160.0 155.0
0.00117 -0.0722 0.52343 175.0 197.0 238.0
-0.07765 0.04847 0.52549 199.0 198.0 196.0
0.10198 -0.003 0.58049 19.0 17.0 18.0
0.0655 0.05052 0.58302 95.0 92.0 83.0
-0.03393 -0.01534 0.52839 12.0 12.0 14.0
0.10218 -0.00315 0.58038 22.0 18.0 19.0
0.03731 0.00727 0.56224 142.0 100.0 76.0
0.00405 -0.01095 0.54581 20.0 18.0 21.0
-0.13398 -0.01742 0.46523 196.0 213.0 243.0
-0.03466 0.04977 0.54804 161.0 161.0 127.0
0.07829 -0.02745 0.56409 22.0 19.0 14.0
0.06654 -0.06194 0.55219 181.0 200.0 240.0
-0.08805 -0.02842 0.47831 23.0 23.0 23.0
0.01629 0.03346 0.56223 107.0 104.0 95.0
0.02701 -0.02088 0.55147 17.0 17.0 19.0
-0.06569 0.05464 0.53517 116.0 84.0 73.0
0.08861 -0.02252 0.56918 16.0 16.0 14.0
-0.07519 -0.00065 0.50582 28.0 26.0 27.0
0.06253 0.01426 0.57239 227.0 227.0 229.0
-0.08847 -0.02872 0.47911 20.0 18.0 19.0
0.11015 -0.02747 0.57684 59.0 61.0 48.0
-0.11112 0.04303 0.50862 30.0 29.0 25.0
0.10637 0.0029 0.58333 81.0 62.0 55.0
0.02822 -0.01705 0.55318 23.0 23.0 25.0
0.13937 0.0026 0.57219 19.0 17.0 18.0
-0.05523 -0.01557 0.51798 14.0 14.0 14.0
0.05001 0.01197 0.58178 225.0 226.0 228.0
-0.06211 0.00609 0.51694 17.0 15.0 16.0
-0.01593 -0.04069 0.53219 16.0 13.0 6.0
0.02789 0.01068 0.55968 237.0 209.0 187.0
0.05677 0.01277 0.57059 231.0 201.0 177.0
-0.11829 0.02864 0.49839 234.0 233.0 228.0
-0.12044 0.02969 0.49794 222.0 221.0 216.0
-0.09502 -0.04128 0.46062 39.0 37.0 42.0
-0.06567 0.05466 0.53513 116.0 84.0 73.0
0.02432 -0.07498 0.53315 172.0 193.0 236.0
-0.02812 -0.04789 0.52741 118.0 130.0 130.0
-0.01652 -0.01979 0.53482 10.0 9.0 14.0
-0.04842 -0.00989 0.52323 20.0 20.0 20.0
0.15741 0.03437 0.59371 75.0 75.0 83.0
-0.08341 0.05078 0.52433 191.0 190.0 188.0
-0.05312 0.066 0.54324 119.0 82.0 74.0
-0.02433 -0.07746 0.5121 172.0 193.0 238.0
0.03558 0.01132 0.56362 204.0 188.0 172.0
-0.01696 -0.01997 0.53535 10.0 9.0 14.0
0.0826 0.00845 0.57776 83.0 72.0 66.0
-0.06602 0.05408 0.53591 103.0 69.0 60.0
0.04872 -0.01256 0.56103 112.0 117.0 121.0
-0.12881 0.08762 0.52682 161.0 181.0 118.0
0.07107 -0.05089 0.55666 181.0 180.0 176.0
-0.11055 0.0034 0.48922 63.0 63.0 65.0
0.0115 -0.0753 0.52782 175.0 194.0 237.0
